51075.423870 r 19.854 0.020
51075.424703 i 19.704 0.028
51075.425537 u 20.257 0.050
51075.426370 z 19.583 0.101
51075.427203 g 20.011 0.017
51818.393523 r 19.967 0.020
51818.394356 i 19.805 0.024
51818.395190 u 20.438 0.058
51818.396023 z 19.860 0.088
51818.396856 g 20.121 0.018
51819.478721 r 20.033 0.023
51819.479554 i 19.803 0.026
51819.480388 u 20.621 0.083
51819.481221 z 19.820 0.120
51819.482054 g 20.193 0.021
51875.222592 r 20.009 0.023
51875.223425 i 19.787 0.028
51875.224259 u 20.461 0.064
51875.225092 z 19.868 0.121
51875.225925 g 20.181 0.020
52171.381620 r 20.053 0.024
52171.382453 i 19.818 0.027
52171.383287 u 20.552 0.062
52171.384120 z 19.911 0.091
52171.384953 g 20.159 0.021
52171.455031 r 20.121 0.023
52171.455864 i 19.874 0.025
52171.456698 u 20.472 0.060
52171.457531 z 19.726 0.101
52171.458364 g 20.201 0.019
52173.357943 r 20.031 0.024
52173.358776 i 19.853 0.032
52173.359610 u 20.513 0.077
52173.360443 z 19.695 0.120
52173.361276 g 20.149 0.021
52224.338083 r 20.058 0.027
52224.338916 i 19.775 0.030
#52224.339750 u -99.000 0.063
52224.340583 z 19.720 0.079
52224.341416 g 20.246 0.023
52225.303384 r 20.139 0.023
52225.304217 i 19.826 0.024
52225.305051 u 20.521 0.064
52225.305884 z 19.977 0.116
52225.306717 g 20.278 0.019
52234.294535 r 20.047 0.025
52234.295368 i 19.893 0.029
52234.296202 u 20.572 0.075
52234.297035 z 19.841 0.093
52234.297868 g 20.275 0.022
52261.257891 r 19.999 0.020
52261.258724 i 19.843 0.024
52261.259558 u 20.474 0.065
52261.260391 z 19.899 0.089
52261.261224 g 20.196 0.019
52283.125263 r 20.148 0.029
52283.126096 i 19.904 0.035
52283.126930 u 20.509 0.072
52283.127763 z 19.606 0.118
52283.128596 g 20.241 0.025
52287.138387 r 20.103 0.024
52287.139220 i 19.834 0.027
52287.140054 u 20.520 0.074
52287.140887 z 19.770 0.105
52287.141720 g 20.205 0.022
52288.137806 r 20.089 0.024
52288.138639 i 19.853 0.028
52288.139473 u 20.546 0.068
52288.140306 z 19.785 0.100
52288.141139 g 20.254 0.020
52551.411093 r 20.111 0.023
52551.411926 i 19.878 0.026
52551.412760 u 20.516 0.068
52551.413593 z 19.876 0.116
52551.414426 g 20.235 0.020
52552.457079 r 20.014 0.021
52552.457912 i 19.873 0.026
52552.458746 u 20.450 0.057
52552.459579 z 19.699 0.081
52552.460412 g 20.206 0.020
52557.431440 r 20.045 0.024
52557.432273 i 19.887 0.032
52557.433107 u 20.430 0.065
52557.433940 z 20.046 0.128
52557.434773 g 20.203 0.021
52558.443966 r 20.070 0.021
52558.444799 i 19.918 0.025
52558.445633 u 20.509 0.065
52558.446466 z 19.915 0.107
52558.447299 g 20.199 0.018
52578.315575 r 20.084 0.020
52578.316408 i 19.851 0.023
52578.317242 u 20.590 0.065
52578.318075 z 19.771 0.091
52578.318908 g 20.238 0.019
52585.278555 r 20.038 0.023
52585.279388 i 19.844 0.030
52585.280222 u 20.569 0.068
52585.281055 z 19.866 0.132
52585.281888 g 20.221 0.019
52585.332769 r 20.038 0.019
52585.333602 i 19.652 0.020
52585.334436 u 20.439 0.050
52585.335269 z 19.782 0.082
52585.336102 g 20.234 0.017
52908.406008 r 20.153 0.023
52908.406841 i 19.944 0.028
52908.407675 u 20.538 0.067
52908.408508 z 19.722 0.090
52908.409341 g 20.242 0.020
52910.415430 r 20.096 0.026
52910.416263 i 19.942 0.033
52910.417097 u 20.639 0.086
52910.417930 z 19.944 0.123
52910.418763 g 20.375 0.022
52912.385447 r 20.138 0.023
52912.386280 i 19.947 0.026
52912.387114 u 20.611 0.073
52912.387947 z 19.774 0.085
52912.388780 g 20.293 0.022
52934.337913 r 20.091 0.024
52934.338746 i 19.877 0.028
52934.339580 u 20.486 0.064
52934.340413 z 19.877 0.103
52934.341246 g 20.251 0.020
52935.342601 r 20.135 0.024
52935.343434 i 19.950 0.028
52935.344268 u 20.382 0.061
52935.345101 z 20.061 0.145
52935.345934 g 20.256 0.019
52936.333840 r 20.105 0.022
52936.334673 i 19.917 0.026
52936.335507 u 20.463 0.055
52936.336340 z 19.910 0.095
52936.337173 g 20.260 0.019
52963.265679 r 20.129 0.020
52963.266512 i 19.878 0.023
52963.267346 u 20.625 0.064
52963.268179 z 19.747 0.085
52963.269012 g 20.245 0.018
52971.256595 r 20.106 0.027
52971.257428 i 19.860 0.030
52971.258262 u 20.506 0.087
52971.259095 z 19.922 0.154
52971.259928 g 20.247 0.027
53270.397931 r 20.170 0.019
53270.398764 i 19.965 0.023
53270.399597 u 20.550 0.053
53270.400431 z 19.973 0.071
53270.401264 g 20.323 0.019
53272.447839 r 20.227 0.027
53272.448672 i 19.948 0.031
53272.449506 u 20.589 0.078
53272.450339 z 19.830 0.105
53272.451172 g 20.354 0.022
53286.416558 r 20.145 0.029
53286.417391 i 19.926 0.029
53286.418225 u 20.756 0.096
53286.419058 z 20.270 0.140
53286.419891 g 20.383 0.026
53288.375051 r 20.224 0.025
53288.375884 i 20.022 0.029
53288.376718 u 20.678 0.073
53288.377551 z 19.952 0.095
53288.378384 g 20.353 0.020
53294.422723 r 20.141 0.047
53294.423556 i 19.938 0.043
53294.424390 u 20.727 0.089
53294.425223 z 19.846 0.141
53294.426056 g 20.321 0.031
53296.369730 r 20.272 0.029
53296.370563 i 19.984 0.032
53296.371396 u 20.582 0.077
53296.372230 z 19.767 0.099
53296.373063 g 20.326 0.029
53298.419499 r 20.194 0.027
53298.420332 i 19.925 0.032
53298.421166 u 20.639 0.069
53298.421999 z 19.779 0.102
53298.422832 g 20.358 0.023
53302.370720 r 20.178 0.032
53302.371553 i 19.977 0.032
53302.372387 u 20.607 0.095
53302.373220 z 19.972 0.101
53302.374053 g 20.370 0.036
53312.326297 r 20.266 0.033
53312.327130 i 20.024 0.034
53312.327963 u 20.531 0.092
53312.328797 z 20.163 0.152
53312.329630 g 20.359 0.038
53314.327451 r 20.221 0.030
53314.328284 i 19.997 0.034
53314.329118 u 20.713 0.099
53314.329951 z 19.953 0.122
53314.330784 g 20.439 0.029
53319.315246 r 20.251 0.032
53319.316079 i 20.022 0.035
53319.316913 u 20.798 0.098
53319.317746 z 19.859 0.113
53319.318579 g 20.382 0.028
53351.187984 r 20.202 0.029
53351.188817 i 19.992 0.035
53351.189651 u 20.611 0.080
53351.190484 z 19.943 0.139
53351.191317 g 20.411 0.023
53616.431803 r 20.184 0.028
53616.432636 i 20.007 0.033
53616.433470 u 20.581 0.076
53616.434303 z 19.862 0.103
53616.435136 g 20.401 0.024
53622.445032 r 20.282 0.023
53622.445865 i 20.101 0.026
53622.446699 u 20.682 0.070
53622.447532 z 20.057 0.107
53622.448365 g 20.433 0.020
53626.408231 r 20.226 0.038
53626.409064 i 20.073 0.045
#53626.409898 u -99.000 0.672
#53626.410731 z -99.000 0.861
#53626.411564 g -99.000 0.070
53627.402130 r 20.232 0.025
53627.402963 i 20.048 0.029
53627.403797 u 20.645 0.080
53627.404630 z 20.282 0.157
53627.405463 g 20.334 0.022
53628.393095 r 20.280 0.038
53628.393928 i 20.029 0.041
53628.394762 u 20.563 0.089
53628.395595 z 20.067 0.135
53628.396428 g 20.364 0.035
53634.394503 r 20.296 0.052
53634.395336 i 20.025 0.043
53634.396170 u 20.601 0.174
53634.397003 z 19.755 0.117
53634.397836 g 20.394 0.066
53638.435840 r 20.258 0.029
53638.436673 i 20.082 0.032
53638.437507 u 20.538 0.089
53638.438340 z 20.062 0.176
53638.439173 g 20.413 0.029
53639.440092 r 20.195 0.028
53639.440925 i 19.958 0.032
53639.441759 u 20.487 0.076
53639.442592 z 19.999 0.098
53639.443425 g 20.339 0.027
53640.399876 r 20.271 0.029
53640.400709 i 20.040 0.031
53640.401543 u 20.647 0.097
53640.402376 z 19.903 0.122
53640.403209 g 20.354 0.026
53641.439258 r 20.264 0.030
53641.440091 i 19.985 0.029
53641.440925 u 20.751 0.109
53641.441758 z 19.915 0.124
53641.442591 g 20.504 0.030
53643.442350 r 20.184 0.029
53643.443183 i 20.021 0.036
53643.444017 u 20.790 0.116
53643.444850 z 19.915 0.147
53643.445683 g 20.321 0.026
53646.461282 r 20.257 0.030
53646.462115 i 20.049 0.032
53646.462949 u 20.441 0.081
53646.463782 z 19.907 0.128
53646.464615 g 20.348 0.023
53657.280028 r 20.157 0.079
53657.280861 i 20.033 0.087
#53657.281695 u -99.000 0.304
#53657.282528 z -99.000 0.323
#53657.283361 g -99.000 0.186
53657.398143 r 20.207 0.054
53657.398976 i 20.028 0.055
53657.399810 u 20.602 0.139
53657.400643 z 19.806 0.148
53657.401476 g 20.443 0.053
53663.382690 r 20.275 0.046
53663.383523 i 19.947 0.036
53663.384357 u 20.732 0.180
53663.385190 z 19.951 0.119
53663.386023 g 20.356 0.062
53663.461701 r 20.334 0.056
53663.462534 i 20.078 0.047
53663.463368 u 20.558 0.219
53663.464201 z 20.162 0.173
53663.465034 g 20.356 0.070
53664.397005 r 20.361 0.059
53664.397838 i 20.005 0.042
53664.398672 u 20.688 0.159
53664.399505 z 20.175 0.152
53664.400338 g 20.551 0.048
53665.360662 r 20.191 0.034
53665.361495 i 20.019 0.033
53665.362329 u 20.487 0.125
53665.363162 z 19.988 0.256
53665.363995 g 20.453 0.056
53665.461633 r 20.308 0.042
53665.462466 i 20.058 0.041
53665.463300 u 20.738 0.183
53665.464133 z 20.082 0.163
53665.464966 g 20.576 0.052
53666.452774 r 20.271 0.039
53666.453607 i 20.042 0.036
53666.454441 u 20.748 0.154
53666.455274 z 19.870 0.099
53666.456107 g 20.470 0.042
53668.372291 r 20.298 0.038
53668.373124 i 20.062 0.040
53668.373958 u 20.786 0.130
53668.374791 z 19.939 0.135
53668.375624 g 20.431 0.041
53668.450250 r 20.212 0.045
53668.451083 i 19.997 0.047
53668.451917 u 20.759 0.197
53668.452750 z 19.579 0.139
53668.453583 g 20.435 0.045
53669.356250 r 20.233 0.031
53669.357083 i 20.045 0.036
53669.357917 u 20.559 0.108
53669.358750 z 19.975 0.142
53669.359583 g 20.432 0.032
53669.459903 r 20.227 0.049
#53669.460736 i -99.000 0.045
53669.461570 u 20.944 0.241
53669.462403 z 19.771 0.140
53669.463236 g 20.298 0.041
53670.377143 r 20.190 0.032
53670.377976 i 20.010 0.035
53670.378810 u 20.620 0.088
53670.379643 z 19.933 0.127
53670.380476 g 20.361 0.033
53670.456221 r 20.297 0.039
53670.457054 i 20.022 0.038
53670.457888 u 20.576 0.134
53670.458721 z 19.753 0.131
53670.459554 g 20.398 0.033
53671.440999 r 20.305 0.034
53671.441832 i 20.137 0.036
53671.442666 u 20.725 0.115
53671.443499 z 20.087 0.166
53671.444332 g 20.435 0.029
53673.345130 r 20.214 0.025
53673.345963 i 20.008 0.026
53673.346797 u 20.544 0.067
53673.347630 z 19.876 0.079
53673.348463 g 20.387 0.023
53674.340488 r 20.310 0.032
53674.341321 i 20.083 0.038
53674.342155 u 20.696 0.100
53674.342988 z 20.598 0.261
53674.343821 g 20.418 0.025
53675.342018 r 20.226 0.028
53675.342851 i 19.967 0.030
53675.343685 u 20.735 0.084
53675.344518 z 20.098 0.115
53675.345351 g 20.435 0.023
53676.429942 r 20.226 0.033
53676.430775 i 20.066 0.035
53676.431609 u 20.691 0.109
53676.432442 z 19.922 0.126
#53676.433275 g -99.000 0.025
53679.401845 r 20.316 0.037
53679.402678 i 20.000 0.041
53679.403512 u 20.718 0.119
53679.404345 z 20.100 0.205
53679.405178 g 20.440 0.028
53680.349716 r 20.176 0.027
53680.350549 i 19.973 0.031
53680.351383 u 20.514 0.072
53680.352216 z 19.945 0.098
53680.353049 g 20.420 0.023
53681.393359 r 20.264 0.028
53681.394192 i 20.028 0.031
53681.395026 u 20.637 0.096
53681.395859 z 20.009 0.126
53681.396692 g 20.479 0.026
53683.408266 r 20.213 0.119
53683.409099 i 20.034 0.106
53683.409933 u 20.710 0.241
53683.410766 z 21.866 0.963
53683.411599 g 20.378 0.067
53684.354855 r 20.237 0.119
53684.355688 i 20.069 0.117
53684.356522 u 20.698 0.251
53684.357355 z 20.139 0.330
53684.358188 g 20.340 0.044
53686.349148 r 20.176 0.045
53686.349981 i 20.075 0.047
53686.350815 u 20.453 0.151
53686.351648 z 20.008 0.136
53686.352481 g 20.441 0.062
53687.406533 r 20.037 0.100
53687.407366 i 19.936 0.086
53687.408200 u 20.193 0.253
53687.409033 z 19.940 0.218
53687.409866 g 20.257 0.108
53693.351606 r 20.070 0.050
53693.352439 i 20.058 0.051
53693.353273 u 20.342 0.166
53693.354106 z 19.968 0.135
53693.354939 g 20.307 0.062
53696.359077 r 20.216 0.033
53696.359910 i 20.000 0.033
53696.360744 u 20.670 0.134
53696.361577 z 19.827 0.108
53696.362410 g 20.339 0.034
53697.350384 r 20.228 0.032
53697.351217 i 20.014 0.035
53697.352051 u 20.476 0.104
53697.352884 z 19.968 0.138
53697.353717 g 20.336 0.032
53699.372442 r 20.174 0.029
53699.373275 i 20.012 0.030
53699.374109 u 20.711 0.112
53699.374942 z 19.936 0.098
53699.375775 g 20.287 0.028
53700.349340 r 20.205 0.031
53700.350173 i 19.996 0.033
53700.351007 u 20.364 0.077
53700.351840 z 19.684 0.122
53700.352673 g 20.356 0.026
53705.336010 r 20.309 0.035
53705.336843 i 19.937 0.037
53705.337677 u 20.540 0.103
53705.338510 z 20.039 0.158
53705.339343 g 20.352 0.025
53975.421009 r 20.294 0.027
53975.421842 i 20.062 0.033
53975.422675 u 20.636 0.090
53975.423509 z 19.889 0.139
53975.424342 g 20.338 0.077
53989.430970 r 20.217 0.039
53989.431803 i 19.992 0.033
53989.432637 u 20.545 0.122
53989.433470 z 19.859 0.075
53989.434303 g 20.229 0.046
53994.444015 r 20.229 0.032
53994.444848 i 20.026 0.029
53994.445681 u 20.770 0.085
53994.446515 z 19.990 0.107
53994.447348 g 20.286 0.027
53996.427748 r 20.170 0.040
53996.428581 i 20.024 0.043
53996.429415 u 20.483 0.085
53996.430248 z 19.836 0.126
53996.431081 g 20.312 0.057
53997.454557 r 20.183 0.021
53997.455391 i 19.933 0.023
53997.456224 u 20.638 0.056
53997.457057 z 19.814 0.056
53997.457891 g 20.327 0.020
54000.406401 r 20.151 0.026
54000.407234 i 19.956 0.031
54000.408067 u 20.425 0.072
54000.408901 z 19.986 0.132
54000.409734 g 20.280 0.031
54005.440925 r 20.165 0.026
54005.441758 i 20.022 0.029
54005.442592 u 20.385 0.061
54005.443425 z 19.995 0.102
54005.444258 g 20.295 0.021
54007.456549 r 20.145 0.022
54007.457383 i 19.998 0.029
54007.458216 u 20.424 0.060
54007.459049 z 19.698 0.082
54007.459883 g 20.280 0.031
54009.380345 r 20.104 0.020
54009.381178 i 19.974 0.034
54009.382012 u 20.530 0.050
54009.382845 z 19.912 0.061
54009.383678 g 20.231 0.019
54009.454767 r 20.180 0.023
54009.455600 i 19.952 0.027
#54009.456434 u -99.000 0.058
54009.457267 z 19.881 0.087
54009.458100 g 20.283 0.020
54010.381910 r 20.226 0.026
54010.382743 i 19.982 0.026
54010.383577 u 20.506 0.054
54010.384410 z 19.892 0.072
54010.385243 g 20.302 0.017
54011.444852 r 20.091 0.023
54011.445686 i 19.960 0.023
54011.446519 u 20.465 0.049
54011.447352 z 19.793 0.057
54011.448186 g 20.241 0.024
54012.374774 r 20.142 0.030
54012.375608 i 19.939 0.031
54012.376441 u 20.532 0.091
54012.377274 z 19.873 0.098
54012.378108 g 20.297 0.028
54012.457627 r 20.124 0.030
54012.458460 i 19.944 0.033
54012.459293 u 20.456 0.098
54012.460127 z 19.712 0.090
54012.460960 g 20.266 0.030
54019.439832 r 20.084 0.033
54019.440665 i 19.923 0.035
54019.441498 u 20.501 0.116
54019.442332 z 19.754 0.083
54019.443165 g 20.221 0.037
54020.412771 r 20.167 0.039
54020.413605 i 19.976 0.034
54020.414438 u 20.404 0.104
54020.415271 z 20.043 0.139
54020.416105 g 20.292 0.038
54024.462287 r 20.154 0.032
54024.463120 i 20.025 0.035
54024.463954 u 20.506 0.114
54024.464787 z 19.885 0.131
54024.465620 g 20.191 0.034
54025.443839 r 20.147 0.030
54025.444673 i 19.903 0.033
54025.445506 u 20.471 0.073
54025.446339 z 19.833 0.093
54025.447173 g 20.259 0.024
54028.450618 r 20.219 0.029
54028.451452 i 19.943 0.032
54028.452285 u 20.566 0.075
54028.453118 z 20.151 0.138
54028.453952 g 20.330 0.024
54030.406040 r 20.268 0.027
54030.406873 i 19.999 0.029
#54030.407706 u -99.000 0.064
54030.408540 z 19.950 0.097
54030.409373 g 20.318 0.026
54035.450011 r 20.203 0.032
54035.450845 i 20.017 0.036
#54035.451678 u -99.000 0.097
54035.452511 z 19.919 0.145
54035.453345 g 20.330 0.028
54037.355539 r 20.205 0.022
54037.356372 i 20.025 0.027
54037.357206 u 20.585 0.061
54037.358039 z 19.984 0.083
54037.358872 g 20.363 0.021
54040.369984 r 20.206 0.024
54040.370818 i 20.018 0.028
54040.371651 u 20.641 0.069
54040.372484 z 20.100 0.119
54040.373318 g 20.418 0.025
54041.405503 r 20.248 0.035
54041.406336 i 19.991 0.033
54041.407170 u 20.605 0.091
54041.408003 z 20.029 0.111
54041.408836 g 20.453 0.029
54047.400529 r 20.139 0.072
54047.401363 i 20.065 0.063
54047.402196 u 20.851 0.301
54047.403029 z 20.333 0.228
54047.403863 g 20.460 0.084
54049.396477 r 20.351 0.043
54049.397310 i 20.025 0.043
54049.398144 u 20.646 0.175
54049.398977 z 19.818 0.130
54049.399810 g 20.374 0.051
54050.356596 r 20.241 0.044
54050.357430 i 20.020 0.047
54050.358263 u 20.759 0.185
54050.359096 z 19.826 0.154
54050.359930 g 20.386 0.046
#54053.376374 r -99.000 0.031
54053.377207 i 20.135 0.042
54053.378041 u 20.596 0.092
#54053.378874 z -99.000 0.138
#54053.379707 g -99.000 0.028
54056.362412 r 20.269 0.032
54056.363245 i 20.005 0.031
54056.364079 u 20.732 0.095
54056.364912 z 20.125 0.153
54056.365745 g 20.283 0.029
54059.356699 r 20.192 0.031
54059.357532 i 19.955 0.035
54059.358366 u 20.639 0.094
54059.359199 z 19.820 0.129
54059.360032 g 20.405 0.032
54061.367808 r 20.198 0.060
54061.368641 i 20.056 0.051
54061.369474 u 20.686 0.159
54061.370308 z 19.915 0.192
54061.371141 g 20.387 0.038
54062.361590 r 20.172 0.024
54062.362423 i 19.941 0.033
54062.363257 u 20.590 0.078
54062.364090 z 19.782 0.098
54062.364923 g 20.372 0.025
54064.358048 r 20.202 0.030
54064.358881 i 19.978 0.033
54064.359714 u 20.616 0.090
54064.360548 z 20.012 0.140
54064.361381 g 20.396 0.025
54068.342202 r 20.155 0.034
54068.343035 i 20.009 0.042
54068.343868 u 20.653 0.115
54068.344702 z 19.811 0.164
54068.345535 g 20.252 0.027
#54346.437651 r -99.000 0.034
54346.438484 i 19.843 0.030
54346.439317 u 20.304 0.094
54346.440151 z 19.784 0.075
54346.440984 g 20.090 0.032
54348.441611 r 19.995 0.026
54348.442445 i 19.801 0.028
#54348.443278 u -99.000 0.076
54348.444111 z 19.778 0.070
54348.444945 g 20.179 0.025
54357.399929 r 20.060 0.025
54357.400762 i 19.889 0.029
54357.401595 u 20.360 0.054
54357.402429 z 19.733 0.067
54357.403262 g 20.168 0.021
54358.397410 r 19.975 0.026
54358.398243 i 19.827 0.029
54358.399077 u 20.425 0.072
54358.399910 z 19.762 0.091
54358.400743 g 20.081 0.028
54362.449730 r 20.028 0.026
54362.450563 i 19.844 0.024
54362.451396 u 20.308 0.053
54362.452230 z 19.729 0.084
54362.453063 g 20.097 0.024
54365.430451 r 19.935 0.025
54365.431285 i 19.811 0.026
54365.432118 u 20.321 0.048
54365.432951 z 19.710 0.067
54365.433785 g 20.104 0.017
54376.444816 r 20.068 0.028
54376.445649 i 19.897 0.027
54376.446483 u 20.302 0.069
54376.447316 z 19.905 0.096
54376.448149 g 20.207 0.028
54381.450036 r 19.967 0.026
54381.450869 i 19.815 0.023
54381.451703 u 20.464 0.057
54381.452536 z 19.650 0.066
54381.453369 g 20.190 0.019
54382.429913 r 20.011 0.028
54382.430746 i 19.802 0.058
54382.431579 u 20.563 0.101
54382.432413 z 19.787 0.128
54382.433246 g 20.169 0.028
54385.447732 r 20.318 0.036
54385.448566 i 19.836 0.026
54385.449399 u 20.547 0.069
54385.450232 z 19.819 0.087
54385.451066 g 20.193 0.023
54386.442361 r 20.023 0.021
54386.443195 i 19.827 0.023
54386.444028 u 20.401 0.059
54386.444861 z 19.901 0.071
54386.445695 g 20.158 0.023
54387.448213 r 20.052 0.039
54387.449046 i 19.901 0.035
54387.449879 u 20.461 0.103
54387.450713 z 19.663 0.111
54387.451546 g 20.166 0.023
54388.446586 r 20.047 0.021
54388.447420 i 19.881 0.024
54388.448253 u 20.444 0.057
54388.449086 z 19.838 0.073
54388.449920 g 20.211 0.021
54390.440667 r 20.030 0.059
54390.441501 i 19.857 0.046
#54390.442334 u -99.000 0.131
54390.443167 z 19.719 0.162
54390.444001 g 20.122 0.028
54391.449096 r 20.012 0.040
54391.449930 i 19.887 0.054
54391.450763 u 20.528 0.139
54391.451596 z 19.812 0.232
54391.452430 g 20.155 0.036
54392.444162 r 20.023 0.039
54392.444996 i 19.798 0.033
54392.445829 u 20.586 0.115
54392.446662 z 19.778 0.098
54392.447496 g 20.175 0.023
54402.441409 r 20.044 0.044
54402.442242 i 19.873 0.040
54402.443075 u 20.343 0.190
54402.443909 z 19.877 0.134
54402.444742 g 20.163 0.074
54403.360440 r 19.986 0.029
54403.361274 i 19.854 0.031
54403.362107 u 20.340 0.102
54403.362940 z 19.732 0.077
54403.363774 g 20.146 0.043
54406.354248 r 19.973 0.023
54406.355082 i 19.898 0.027
54406.355915 u 20.406 0.064
54406.356748 z 19.762 0.059
#54406.357582 g -99.000 0.022
54409.359057 r 20.013 0.019
54409.359890 i 19.895 0.026
54409.360723 u 20.299 0.047
54409.361557 z 19.671 0.063
54409.362390 g 20.164 0.025
54412.379986 r 20.077 0.036
54412.380819 i 19.938 0.042
54412.381653 u 20.320 0.081
54412.382486 z 19.815 0.129
54412.383319 g 20.151 0.028
