1.0 9.6409135e-01 5.0630208e-03
2.0 9.6288027e-01 5.0598398e-03
3.0 9.6401791e-01 5.0628280e-03
4.0 9.6317023e-01 5.0606016e-03
5.0 9.6116478e-01 5.0553304e-03
6.0 9.5977416e-01 5.0516720e-03
7.0 9.6014761e-01 5.0526547e-03
8.0 9.5973096e-01 5.0515583e-03
9.0 9.5880269e-01 5.0491148e-03
10.0 9.5990624e-01 5.0520196e-03
11.0 9.5874749e-01 5.0489694e-03
12.0 9.5725585e-01 5.0450402e-03
13.0 9.5661633e-01 5.0433547e-03
14.0 9.5819105e-01 5.0475040e-03
15.0 9.5817937e-01 5.0474733e-03
16.0 9.5987759e-01 5.0519442e-03
17.0 9.6097407e-01 5.0548288e-03
18.0 9.6150773e-01 5.0562322e-03
19.0 9.5984596e-01 5.0518610e-03
20.0 9.6293510e-01 5.0599838e-03
21.0 9.6364699e-01 5.0618539e-03
22.0 9.6427404e-01 5.0635005e-03
23.0 9.6377376e-01 5.0621868e-03
24.0 9.6280880e-01 5.0596520e-03
25.0 9.6203598e-01 5.0576209e-03
26.0 9.6340298e-01 5.0612130e-03
27.0 9.6412632e-01 5.0631126e-03
28.0 9.6546380e-01 5.0666233e-03
29.0 9.6586016e-01 5.0676632e-03
30.0 9.6701606e-01 5.0706947e-03
31.0 9.6530599e-01 5.0662092e-03
32.0 9.6361463e-01 5.0617689e-03
33.0 9.6504576e-01 5.0655263e-03
34.0 9.6490414e-01 5.0651546e-03
35.0 9.6350130e-01 5.0614712e-03
36.0 9.6357818e-01 5.0616731e-03
37.0 9.6570188e-01 5.0672480e-03
38.0 9.6658678e-01 5.0695691e-03
39.0 9.6748640e-01 5.0719277e-03
40.0 9.6534271e-01 5.0663056e-03
41.0 9.6647095e-01 5.0692653e-03
42.0 9.6754242e-01 5.0720745e-03
43.0 9.6883848e-01 5.0754705e-03
44.0 9.6918929e-01 5.0763893e-03
45.0 9.6952615e-01 5.0772714e-03
46.0 9.6717981e-01 5.0711240e-03
47.0 9.6681844e-01 5.0701766e-03
48.0 9.6657921e-01 5.0695492e-03
49.0 9.6770816e-01 5.0725090e-03
50.0 9.6633191e-01 5.0689007e-03
51.0 9.6709110e-01 5.0708914e-03
52.0 9.6674724e-01 5.0699899e-03
53.0 9.6839801e-01 5.0743166e-03
54.0 9.6562772e-01 5.0670534e-03
55.0 9.6569127e-01 5.0672201e-03
56.0 9.6474618e-01 5.0647400e-03
57.0 9.6614932e-01 5.0684217e-03
58.0 9.6594903e-01 5.0678964e-03
59.0 9.6711198e-01 5.0709462e-03
60.0 9.6800275e-01 5.0732810e-03
61.0 9.6884297e-01 5.0754823e-03
62.0 9.6794638e-01 5.0731333e-03
63.0 9.6684073e-01 5.0702350e-03
64.0 9.6908910e-01 5.0761270e-03
65.0 9.6873668e-01 5.0752039e-03
66.0 9.6888303e-01 5.0755872e-03
67.0 9.6845693e-01 5.0744710e-03
68.0 9.6859250e-01 5.0748262e-03
69.0 9.6852161e-01 5.0746404e-03
70.0 9.6925437e-01 5.0765598e-03
71.0 9.6971008e-01 5.0777530e-03
72.0 9.7018691e-01 5.0790013e-03
73.0 9.7043669e-01 5.0796551e-03
74.0 9.6968443e-01 5.0776859e-03
75.0 9.7178463e-01 5.0831817e-03
76.0 9.7266319e-01 5.0854789e-03
77.0 9.7362139e-01 5.0879833e-03
78.0 9.7060981e-01 5.0801082e-03
79.0 9.7056887e-01 5.0800010e-03
80.0 9.7015800e-01 5.0789257e-03
81.0 9.6961306e-01 5.0774990e-03
82.0 9.7118054e-01 5.0816015e-03
83.0 9.7228701e-01 5.0844954e-03
84.0 9.7216999e-01 5.0841895e-03
85.0 9.7146329e-01 5.0823412e-03
86.0 9.7220343e-01 5.0842769e-03
87.0 9.7143332e-01 5.0822628e-03
88.0 9.7269478e-01 5.0855615e-03
89.0 9.7420205e-01 5.0895002e-03
90.0 9.7460468e-01 5.0905519e-03
91.0 9.7347056e-01 5.0875891e-03
92.0 9.7250475e-01 5.0850647e-03
93.0 9.6989861e-01 5.0782466e-03
94.0 9.6849588e-01 5.0745730e-03
95.0 9.6925859e-01 5.0765708e-03
96.0 9.6777743e-01 5.0726905e-03
97.0 9.6816667e-01 5.0737105e-03
98.0 9.6716480e-01 5.0710847e-03
99.0 9.6506331e-01 5.0655724e-03
100.0 9.6425457e-01 5.0634494e-03
101.0 9.6336430e-01 5.0611114e-03
102.0 9.6440329e-01 5.0638399e-03
103.0 9.6256345e-01 5.0590073e-03
104.0 9.6305512e-01 5.0602991e-03
105.0 9.6208568e-01 5.0577516e-03
106.0 9.6370075e-01 5.0619951e-03
107.0 9.6300694e-01 5.0601726e-03
108.0 9.6254732e-01 5.0589649e-03
109.0 9.6224350e-01 5.0581664e-03
110.0 9.6215522e-01 5.0579344e-03
111.0 9.6333268e-01 5.0610283e-03
112.0 9.6180401e-01 5.0570111e-03
113.0 9.6077462e-01 5.0543043e-03
114.0 9.6114745e-01 5.0552848e-03
115.0 9.5987013e-01 5.0519246e-03
116.0 9.5768939e-01 5.0461825e-03
117.0 9.5804369e-01 5.0471159e-03
118.0 9.5865306e-01 5.0487208e-03
119.0 9.5838164e-01 5.0480060e-03
120.0 9.5729966e-01 5.0451557e-03
121.0 9.5537682e-01 5.0400863e-03
122.0 9.5424853e-01 5.0371093e-03
123.0 9.5516215e-01 5.0395200e-03
124.0 9.5541063e-01 5.0401754e-03
125.0 9.5598980e-01 5.0417029e-03
126.0 9.5639205e-01 5.0427635e-03
127.0 9.5894624e-01 5.0494927e-03
128.0 9.5932007e-01 5.0504769e-03
129.0 9.5900366e-01 5.0496439e-03
130.0 9.5936232e-01 5.0505881e-03
131.0 9.5853911e-01 5.0484207e-03
132.0 9.6051910e-01 5.0536321e-03
133.0 9.5936384e-01 5.0505921e-03
134.0 9.5685834e-01 5.0439926e-03
135.0 9.5553485e-01 5.0405031e-03
136.0 9.5618756e-01 5.0422243e-03
137.0 9.5917563e-01 5.0500966e-03
138.0 9.5849500e-01 5.0483045e-03
139.0 9.5917105e-01 5.0500846e-03
140.0 9.5773400e-01 5.0463001e-03
141.0 9.5703523e-01 5.0444588e-03
142.0 9.5606997e-01 5.0419143e-03
143.0 9.5498511e-01 5.0390529e-03
144.0 9.5599430e-01 5.0417148e-03
145.0 9.5517169e-01 5.0395452e-03
146.0 9.5533161e-01 5.0399670e-03
147.0 9.5488742e-01 5.0387952e-03
148.0 9.5610301e-01 5.0420014e-03
149.0 9.5785363e-01 5.0466152e-03
150.0 9.5624222e-01 5.0423685e-03
151.0 9.5642076e-01 5.0428392e-03
152.0 9.5714425e-01 5.0447461e-03
153.0 9.5848459e-01 5.0482771e-03
154.0 9.5823476e-01 5.0476192e-03
155.0 9.5859291e-01 5.0485624e-03
156.0 9.5882954e-01 5.0491854e-03
157.0 9.5928358e-01 5.0503808e-03
158.0 9.5952794e-01 5.0510240e-03
159.0 9.5958171e-01 5.0511655e-03
160.0 9.6007043e-01 5.0524517e-03
161.0 9.5927939e-01 5.0503698e-03
162.0 9.6012619e-01 5.0525984e-03
163.0 9.6012837e-01 5.0526041e-03
164.0 9.5787466e-01 5.0466706e-03
165.0 9.5743519e-01 5.0455128e-03
166.0 9.5698236e-01 5.0443195e-03
167.0 9.5699520e-01 5.0443533e-03
168.0 9.5566182e-01 5.0408380e-03
169.0 9.5586377e-01 5.0413705e-03
170.0 9.5601915e-01 5.0417803e-03
171.0 9.5852035e-01 5.0483713e-03
172.0 9.5834418e-01 5.0479073e-03
173.0 9.5641159e-01 5.0428150e-03
174.0 9.5741111e-01 5.0454493e-03
175.0 9.5838975e-01 5.0480273e-03
176.0 9.5924546e-01 5.0502805e-03
177.0 9.5928375e-01 5.0503813e-03
178.0 9.5714780e-01 5.0447555e-03
179.0 9.5713577e-01 5.0447238e-03
180.0 9.5551741e-01 5.0404571e-03
181.0 9.5456548e-01 5.0379457e-03
182.0 9.5576921e-01 5.0411212e-03
183.0 9.5575355e-01 5.0410799e-03
184.0 9.5636220e-01 5.0426848e-03
185.0 9.5526810e-01 5.0397995e-03
186.0 9.5667119e-01 5.0434993e-03
187.0 9.5890221e-01 5.0493768e-03
188.0 9.5809692e-01 5.0472561e-03
189.0 9.5738908e-01 5.0453913e-03
190.0 9.5679426e-01 5.0438237e-03
191.0 9.5771006e-01 5.0462370e-03
192.0 9.5887006e-01 5.0492922e-03
193.0 9.6005386e-01 5.0524081e-03
194.0 9.6106311e-01 5.0550630e-03
195.0 9.5941982e-01 5.0507394e-03
196.0 9.6093897e-01 5.0547365e-03
197.0 9.6098790e-01 5.0548652e-03
198.0 9.6218012e-01 5.0579998e-03
199.0 9.6083638e-01 5.0544667e-03
200.0 9.6355239e-01 5.0616054e-03
201.0 9.6152358e-01 5.0562739e-03
202.0 9.6281778e-01 5.0596756e-03
203.0 9.6152692e-01 5.0562827e-03
204.0 9.6124864e-01 5.0555509e-03
205.0 9.6384167e-01 5.0623652e-03
206.0 9.6349294e-01 5.0614493e-03
207.0 9.6360162e-01 5.0617347e-03
208.0 9.6233632e-01 5.0584104e-03
209.0 9.6198833e-01 5.0574957e-03
210.0 9.6235376e-01 5.0584562e-03
211.0 9.6353243e-01 5.0615530e-03
212.0 9.6369653e-01 5.0619840e-03
213.0 9.6289248e-01 5.0598718e-03
214.0 9.6304402e-01 5.0602700e-03
215.0 9.6211119e-01 5.0578186e-03
216.0 9.6334050e-01 5.0610489e-03
217.0 9.6528237e-01 5.0661472e-03
218.0 9.6330056e-01 5.0609439e-03
219.0 9.6271363e-01 5.0594019e-03
220.0 9.6252027e-01 5.0588938e-03
221.0 9.6310516e-01 5.0604306e-03
222.0 9.6129273e-01 5.0556669e-03
223.0 9.6127361e-01 5.0556166e-03
224.0 9.6431752e-01 5.0636147e-03
225.0 9.6517416e-01 5.0658633e-03
226.0 9.6386769e-01 5.0624335e-03
227.0 9.6410598e-01 5.0630592e-03
228.0 9.6387565e-01 5.0624544e-03
229.0 9.6313982e-01 5.0605217e-03
230.0 9.6219440e-01 5.0580374e-03
231.0 9.6048732e-01 5.0535485e-03
232.0 9.5889820e-01 5.0493662e-03
233.0 9.5876161e-01 5.0490066e-03
234.0 9.5982703e-01 5.0518112e-03
235.0 9.6137937e-01 5.0558947e-03
236.0 9.6033927e-01 5.0531590e-03
237.0 9.5929767e-01 5.0504179e-03
238.0 9.5858053e-01 5.0485298e-03
239.0 9.5858674e-01 5.0485461e-03
240.0 9.6060770e-01 5.0538652e-03
241.0 9.5762611e-01 5.0460158e-03
242.0 9.5801452e-01 5.0470391e-03
243.0 9.5747027e-01 5.0456052e-03
244.0 9.5711074e-01 5.0446578e-03
245.0 9.5694266e-01 5.0442149e-03
246.0 9.5616920e-01 5.0421759e-03
247.0 9.5599948e-01 5.0417284e-03
248.0 9.5812904e-01 5.0473407e-03
249.0 9.5709439e-01 5.0446147e-03
250.0 9.5767979e-01 5.0461573e-03
251.0 9.5736056e-01 5.0453162e-03
252.0 9.5555023e-01 5.0405436e-03
253.0 9.5381886e-01 5.0359751e-03
254.0 9.5631225e-01 5.0425531e-03
255.0 9.5738448e-01 5.0453792e-03
256.0 9.5877915e-01 5.0490528e-03
257.0 9.6003575e-01 5.0523604e-03
258.0 9.5898648e-01 5.0495987e-03
259.0 9.6196156e-01 5.0574253e-03
260.0 9.6302035e-01 5.0602078e-03
261.0 9.6106834e-01 5.0550768e-03
262.0 9.6219476e-01 5.0580383e-03
263.0 9.6341833e-01 5.0612533e-03
264.0 9.6498344e-01 5.0653627e-03
265.0 9.6504585e-01 5.0655265e-03
266.0 9.6590648e-01 5.0677847e-03
267.0 9.6633318e-01 5.0689040e-03
268.0 9.6648380e-01 5.0692990e-03
269.0 9.6558604e-01 5.0669441e-03
270.0 9.6580236e-01 5.0675116e-03
271.0 9.6657060e-01 5.0695266e-03
272.0 9.6812935e-01 5.0736127e-03
273.0 9.6707117e-01 5.0708392e-03
274.0 9.7009159e-01 5.0787518e-03
275.0 9.7199529e-01 5.0837326e-03
276.0 9.7113133e-01 5.0814728e-03
277.0 9.7280523e-01 5.0858503e-03
278.0 9.7323926e-01 5.0869847e-03
279.0 9.7427058e-01 5.0896792e-03
280.0 9.7508193e-01 5.0917981e-03
281.0 9.7424656e-01 5.0896165e-03
282.0 9.7475697e-01 5.0909496e-03
283.0 9.7278403e-01 5.0857948e-03
284.0 9.7354695e-01 5.0877887e-03
285.0 9.7545339e-01 5.0927679e-03
286.0 9.7680815e-01 5.0963032e-03
287.0 9.7688806e-01 5.0965116e-03
288.0 9.7978095e-01 5.1040523e-03
289.0 9.7783158e-01 5.0989723e-03
290.0 9.7857553e-01 5.1009116e-03
291.0 9.7929819e-01 5.1027947e-03
292.0 9.7968732e-01 5.1038084e-03
293.0 9.8060937e-01 5.1062096e-03
294.0 9.7936465e-01 5.1029678e-03
295.0 9.7868566e-01 5.1011986e-03
296.0 9.7778449e-01 5.0988495e-03
297.0 9.7666271e-01 5.0959238e-03
298.0 9.7512910e-01 5.0919212e-03
299.0 9.7501002e-01 5.0916103e-03
300.0 9.7284547e-01 5.0859554e-03
301.0 9.7337552e-01 5.0873408e-03
302.0 9.7440530e-01 5.0900311e-03
303.0 9.7376549e-01 5.0883598e-03
304.0 9.7297694e-01 5.0862991e-03
305.0 9.7249640e-01 5.0850429e-03
306.0 9.7245965e-01 5.0849468e-03
307.0 9.7281656e-01 5.0858799e-03
308.0 9.7276589e-01 5.0857474e-03
309.0 9.7308559e-01 5.0865831e-03
310.0 9.7354604e-01 5.0877864e-03
311.0 9.7524884e-01 5.0922339e-03
312.0 9.7287563e-01 5.0860343e-03
313.0 9.7175799e-01 5.0831120e-03
314.0 9.7090343e-01 5.0808765e-03
315.0 9.6949818e-01 5.0771982e-03
316.0 9.6946581e-01 5.0771135e-03
317.0 9.6799489e-01 5.0732604e-03
318.0 9.6670691e-01 5.0698841e-03
319.0 9.6783660e-01 5.0728456e-03
320.0 9.6800794e-01 5.0732946e-03
321.0 9.6857177e-01 5.0747719e-03
322.0 9.7016202e-01 5.0789362e-03
323.0 9.6867967e-01 5.0750545e-03
324.0 9.6948952e-01 5.0771756e-03
325.0 9.7037725e-01 5.0794995e-03
326.0 9.7141510e-01 5.0822151e-03
327.0 9.7141655e-01 5.0822189e-03
328.0 9.7239808e-01 5.0847858e-03
329.0 9.7398253e-01 5.0889268e-03
330.0 9.7318416e-01 5.0868407e-03
331.0 9.7204864e-01 5.0838721e-03
332.0 9.7359959e-01 5.0879263e-03
333.0 9.7361380e-01 5.0879634e-03
334.0 9.7397863e-01 5.0889166e-03
335.0 9.7335662e-01 5.0872914e-03
336.0 9.7344531e-01 5.0875232e-03
337.0 9.7273323e-01 5.0856620e-03
338.0 9.7129793e-01 5.0819086e-03
339.0 9.7002351e-01 5.0785736e-03
340.0 9.7071262e-01 5.0803772e-03
341.0 9.7138974e-01 5.0821488e-03
342.0 9.7238040e-01 5.0847396e-03
343.0 9.7300859e-01 5.0863818e-03
344.0 9.6983686e-01 5.0780850e-03
345.0 9.6889277e-01 5.0756127e-03
346.0 9.6951717e-01 5.0772479e-03
347.0 9.6885430e-01 5.0755119e-03
348.0 9.6769997e-01 5.0724875e-03
349.0 9.6928422e-01 5.0766379e-03
350.0 9.6799902e-01 5.0732712e-03
351.0 9.6628348e-01 5.0687736e-03
352.0 9.6740621e-01 5.0717175e-03
353.0 9.6835328e-01 5.0741995e-03
354.0 9.6925237e-01 5.0765545e-03
355.0 9.6925589e-01 5.0765638e-03
356.0 9.6699974e-01 5.0706519e-03
357.0 9.6444936e-01 5.0639608e-03
358.0 9.6482628e-01 5.0649502e-03
359.0 9.6534988e-01 5.0663244e-03
360.0 9.6369127e-01 5.0619702e-03
361.0 9.6385223e-01 5.0623929e-03
362.0 9.6462405e-01 5.0644194e-03
363.0 9.6306860e-01 5.0603346e-03
364.0 9.6281471e-01 5.0596675e-03
365.0 9.6363100e-01 5.0618119e-03
366.0 9.6430950e-01 5.0635936e-03
367.0 9.6266528e-01 5.0592749e-03
368.0 9.6219584e-01 5.0580411e-03
369.0 9.6197898e-01 5.0574711e-03
370.0 9.6258172e-01 5.0590553e-03
371.0 9.6350778e-01 5.0614883e-03
372.0 9.6082732e-01 5.0544429e-03
373.0 9.6154726e-01 5.0563361e-03
374.0 9.6303438e-01 5.0602447e-03
375.0 9.6295524e-01 5.0600367e-03
376.0 9.6418503e-01 5.0632668e-03
377.0 9.6287657e-01 5.0598300e-03
378.0 9.6419767e-01 5.0633000e-03
379.0 9.6359178e-01 5.0617089e-03
380.0 9.6352243e-01 5.0615267e-03
381.0 9.6418005e-01 5.0632537e-03
382.0 9.6626582e-01 5.0687273e-03
383.0 9.6407453e-01 5.0629767e-03
384.0 9.6467317e-01 5.0645483e-03
385.0 9.6356176e-01 5.0616300e-03
386.0 9.6306064e-01 5.0603137e-03
387.0 9.6434561e-01 5.0636884e-03
388.0 9.6572295e-01 5.0673033e-03
389.0 9.6743630e-01 5.0717964e-03
390.0 9.6894095e-01 5.0757389e-03
391.0 9.6894637e-01 5.0757531e-03
392.0 9.6803843e-01 5.0733745e-03
393.0 9.6734528e-01 5.0715578e-03
394.0 9.6779780e-01 5.0727439e-03
395.0 9.6909460e-01 5.0761414e-03
396.0 9.6894910e-01 5.0757603e-03
397.0 9.6950786e-01 5.0772236e-03
398.0 9.6948185e-01 5.0771555e-03
399.0 9.7003511e-01 5.0786040e-03
400.0 9.6803763e-01 5.0733724e-03
401.0 9.6907956e-01 5.0761020e-03
402.0 9.6799116e-01 5.0732506e-03
403.0 9.6913914e-01 5.0762580e-03
404.0 9.6718795e-01 5.0711454e-03
405.0 9.6821309e-01 5.0738321e-03
406.0 9.7005972e-01 5.0786684e-03
407.0 9.7276637e-01 5.0857487e-03
408.0 9.7136389e-01 5.0820812e-03
409.0 9.6924361e-01 5.0765316e-03
410.0 9.6805111e-01 5.0734077e-03
411.0 9.6739155e-01 5.0716791e-03
412.0 9.6901990e-01 5.0759457e-03
413.0 9.6834007e-01 5.0741648e-03
414.0 9.6735605e-01 5.0715860e-03
415.0 9.6755199e-01 5.0720996e-03
416.0 9.6634423e-01 5.0689330e-03
417.0 9.6680347e-01 5.0701373e-03
418.0 9.6394457e-01 5.0626354e-03
419.0 9.6417153e-01 5.0632314e-03
420.0 9.6428364e-01 5.0635257e-03
421.0 9.6461010e-01 5.0643828e-03
422.0 9.6410432e-01 5.0630549e-03
423.0 9.6307248e-01 5.0603448e-03
424.0 9.6246818e-01 5.0587569e-03
425.0 9.6229672e-01 5.0583063e-03
426.0 9.6092352e-01 5.0546959e-03
427.0 9.6206645e-01 5.0577010e-03
428.0 9.6196274e-01 5.0574284e-03
429.0 9.6233040e-01 5.0583948e-03
430.0 9.6357293e-01 5.0616594e-03
431.0 9.6234078e-01 5.0584221e-03
432.0 9.6271055e-01 5.0593938e-03
433.0 9.6311981e-01 5.0604691e-03
434.0 9.6299720e-01 5.0601470e-03
435.0 9.6475148e-01 5.0647539e-03
436.0 9.6403361e-01 5.0628692e-03
437.0 9.6352574e-01 5.0615354e-03
438.0 9.6380815e-01 5.0622771e-03
439.0 9.6543155e-01 5.0665387e-03
440.0 9.6578225e-01 5.0674588e-03
441.0 9.6667630e-01 5.0698038e-03
442.0 9.6597544e-01 5.0679656e-03
443.0 9.6685971e-01 5.0702848e-03
444.0 9.6605766e-01 5.0681813e-03
445.0 9.6498988e-01 5.0653796e-03
446.0 9.6624874e-01 5.0686825e-03
447.0 9.6696117e-01 5.0705508e-03
448.0 9.7043179e-01 5.0796423e-03
449.0 9.7194350e-01 5.0835972e-03
450.0 9.7127101e-01 5.0818382e-03
451.0 9.7399141e-01 5.0889500e-03
452.0 9.7564576e-01 5.0932700e-03
453.0 9.7463543e-01 5.0906322e-03
454.0 9.7453037e-01 5.0903578e-03
455.0 9.7482819e-01 5.0911355e-03
456.0 9.7470699e-01 5.0908191e-03
457.0 9.7154182e-01 5.0825466e-03
458.0 9.7179144e-01 5.0831995e-03
459.0 9.7314212e-01 5.0867308e-03
460.0 9.7171372e-01 5.0829962e-03
461.0 9.7179095e-01 5.0831982e-03
462.0 9.6974425e-01 5.0778425e-03
463.0 9.6856454e-01 5.0747529e-03
464.0 9.6612137e-01 5.0683484e-03
465.0 9.6554924e-01 5.0668475e-03
466.0 9.6688209e-01 5.0703434e-03
467.0 9.6739992e-01 5.0717010e-03
468.0 9.6847559e-01 5.0745199e-03
469.0 9.6841720e-01 5.0743669e-03
470.0 9.6896846e-01 5.0758110e-03
471.0 9.6934530e-01 5.0767979e-03
472.0 9.7041443e-01 5.0795968e-03
473.0 9.6830741e-01 5.0740793e-03
474.0 9.6689343e-01 5.0703732e-03
475.0 9.6607836e-01 5.0682356e-03
476.0 9.6496631e-01 5.0653178e-03
477.0 9.6448797e-01 5.0640622e-03
478.0 9.6275110e-01 5.0595004e-03
479.0 9.6087255e-01 5.0545618e-03
480.0 9.6055276e-01 5.0537206e-03
481.0 9.5951594e-01 5.0509924e-03
482.0 9.5778057e-01 5.0464228e-03
483.0 9.5848262e-01 5.0482719e-03
484.0 9.5916122e-01 5.0500587e-03
485.0 9.6007421e-01 5.0524616e-03
486.0 9.6420067e-01 5.0633079e-03
487.0 9.6465531e-01 5.0645015e-03
488.0 9.6389814e-01 5.0625135e-03
489.0 9.6482049e-01 5.0649350e-03
490.0 9.6548595e-01 5.0666814e-03
491.0 9.6584343e-01 5.0676194e-03
492.0 9.6602253e-01 5.0680892e-03
493.0 9.6431710e-01 5.0636136e-03
494.0 9.6447120e-01 5.0640181e-03
495.0 9.6366525e-01 5.0619019e-03
496.0 9.6393131e-01 5.0626006e-03
497.0 9.6618902e-01 5.0685259e-03
498.0 9.6477243e-01 5.0648089e-03
499.0 9.6411610e-01 5.0630858e-03
500.0 9.6526071e-01 5.0660904e-03
501.0 9.6447144e-01 5.0640188e-03
502.0 9.6367384e-01 5.0619244e-03
503.0 9.6121434e-01 5.0554607e-03
504.0 9.6096208e-01 5.0547973e-03
505.0 9.6190606e-01 5.0572794e-03
506.0 9.6176342e-01 5.0569044e-03
507.0 9.6068364e-01 5.0540649e-03
508.0 9.6050053e-01 5.0535833e-03
509.0 9.5906159e-01 5.0497964e-03
510.0 9.5877945e-01 5.0490536e-03
511.0 9.5958916e-01 5.0511851e-03
512.0 9.5857374e-01 5.0485119e-03
513.0 9.5987938e-01 5.0519489e-03
514.0 9.6057535e-01 5.0537801e-03
515.0 9.6223842e-01 5.0581530e-03
516.0 9.6138057e-01 5.0558979e-03
517.0 9.6003647e-01 5.0523623e-03
518.0 9.5788672e-01 5.0467024e-03
519.0 9.5854228e-01 5.0484290e-03
520.0 9.5629839e-01 5.0425166e-03
521.0 9.5829736e-01 5.0477840e-03
522.0 9.5689019e-01 5.0440766e-03
523.0 9.5528975e-01 5.0398566e-03
524.0 9.5473685e-01 5.0383979e-03
525.0 9.5501718e-01 5.0391375e-03
526.0 9.5542296e-01 5.0402080e-03
527.0 9.5591459e-01 5.0415046e-03
528.0 9.5465431e-01 5.0381801e-03
529.0 9.5368486e-01 5.0356213e-03
530.0 9.5191383e-01 5.0309435e-03
531.0 9.5173974e-01 5.0304834e-03
532.0 9.5282719e-01 5.0333565e-03
533.0 9.5280065e-01 5.0332864e-03
534.0 9.5168234e-01 5.0303317e-03
535.0 9.5552909e-01 5.0404879e-03
536.0 9.5376361e-01 5.0358292e-03
537.0 9.5382326e-01 5.0359867e-03
538.0 9.5533248e-01 5.0399693e-03
539.0 9.5390432e-01 5.0362007e-03
540.0 9.5504201e-01 5.0392031e-03
541.0 9.5502799e-01 5.0391661e-03
542.0 9.5545884e-01 5.0403026e-03
543.0 9.5680992e-01 5.0438650e-03
544.0 9.5747755e-01 5.0456244e-03
545.0 9.5476538e-01 5.0384732e-03
546.0 9.5468958e-01 5.0382732e-03
547.0 9.5497516e-01 5.0390267e-03
548.0 9.5636020e-01 5.0426795e-03
549.0 9.5792701e-01 5.0468085e-03
550.0 9.5839863e-01 5.0480507e-03
551.0 9.5853752e-01 5.0484165e-03
552.0 9.6132972e-01 5.0557641e-03
553.0 9.6081027e-01 5.0543980e-03
554.0 9.6234217e-01 5.0584257e-03
555.0 9.6009643e-01 5.0525201e-03
556.0 9.6076084e-01 5.0542680e-03
557.0 9.6163591e-01 5.0565692e-03
558.0 9.6015459e-01 5.0526731e-03
559.0 9.6176194e-01 5.0569006e-03
560.0 9.6166724e-01 5.0566516e-03
561.0 9.6198617e-01 5.0574900e-03
562.0 9.6119288e-01 5.0554043e-03
563.0 9.6214945e-01 5.0579192e-03
564.0 9.6158644e-01 5.0564391e-03
565.0 9.6276646e-01 5.0595407e-03
566.0 9.6196485e-01 5.0574340e-03
567.0 9.6231308e-01 5.0583493e-03
568.0 9.6299119e-01 5.0601312e-03
569.0 9.6473783e-01 5.0647181e-03
570.0 9.6447115e-01 5.0640180e-03
571.0 9.6541232e-01 5.0664882e-03
572.0 9.6896300e-01 5.0757967e-03
573.0 9.6715766e-01 5.0710659e-03
574.0 9.6689697e-01 5.0703825e-03
575.0 9.6690696e-01 5.0704087e-03
576.0 9.6747985e-01 5.0719105e-03
577.0 9.6768562e-01 5.0724499e-03
578.0 9.6810717e-01 5.0735546e-03
579.0 9.6599452e-01 5.0680157e-03
580.0 9.6424860e-01 5.0634337e-03
581.0 9.6579032e-01 5.0674800e-03
582.0 9.6873054e-01 5.0751878e-03
583.0 9.7045796e-01 5.0797107e-03
584.0 9.6882185e-01 5.0754270e-03
585.0 9.6782559e-01 5.0728167e-03
586.0 9.7026278e-01 5.0791999e-03
587.0 9.6952930e-01 5.0772797e-03
588.0 9.6811415e-01 5.0735729e-03
589.0 9.6459848e-01 5.0643523e-03
590.0 9.6141554e-01 5.0559898e-03
591.0 9.5960138e-01 5.0512173e-03
592.0 9.5700194e-01 5.0443711e-03
593.0 9.5807048e-01 5.0471865e-03
594.0 9.5831416e-01 5.0478283e-03
595.0 9.6010501e-01 5.0525427e-03
596.0 9.6046303e-01 5.0534846e-03
597.0 9.6112312e-01 5.0552208e-03
598.0 9.6181762e-01 5.0570469e-03
599.0 9.6080354e-01 5.0543803e-03
600.0 9.6127439e-01 5.0556186e-03
601.0 9.6082732e-01 5.0544429e-03
602.0 9.6226039e-01 5.0582108e-03
603.0 9.6146583e-01 5.0561220e-03
604.0 9.6095573e-01 5.0547806e-03
605.0 9.5996562e-01 5.0521759e-03
606.0 9.6489836e-01 5.0651394e-03
607.0 9.6407433e-01 5.0629761e-03
608.0 9.6441766e-01 5.0638776e-03
609.0 9.6449528e-01 5.0640814e-03
610.0 9.6335452e-01 5.0610857e-03
611.0 9.6423318e-01 5.0633932e-03
612.0 9.6417071e-01 5.0632292e-03
613.0 9.6399995e-01 5.0627808e-03
614.0 9.6282103e-01 5.0596841e-03
615.0 9.5971787e-01 5.0515239e-03
616.0 9.5992734e-01 5.0520751e-03
617.0 9.5861718e-01 5.0486263e-03
618.0 9.5887040e-01 5.0492931e-03
619.0 9.5816939e-01 5.0474470e-03
620.0 9.5692005e-01 5.0441553e-03
621.0 9.5593479e-01 5.0415578e-03
622.0 9.5515563e-01 5.0395028e-03
623.0 9.5501376e-01 5.0391285e-03
624.0 9.5538640e-01 5.0401115e-03
625.0 9.5547054e-01 5.0403335e-03
626.0 9.5681493e-01 5.0438782e-03
627.0 9.5718194e-01 5.0448455e-03
628.0 9.5642553e-01 5.0428517e-03
629.0 9.5457042e-01 5.0379587e-03
630.0 9.5488450e-01 5.0387875e-03
631.0 9.5451023e-01 5.0377999e-03
632.0 9.5669471e-01 5.0435613e-03
633.0 9.5562649e-01 5.0407448e-03
634.0 9.5568692e-01 5.0409042e-03
635.0 9.5620005e-01 5.0422573e-03
636.0 9.5541783e-01 5.0401944e-03
637.0 9.5744332e-01 5.0455342e-03
638.0 9.5898781e-01 5.0496022e-03
639.0 9.6051415e-01 5.0536191e-03
640.0 9.5982209e-01 5.0517982e-03
641.0 9.5897153e-01 5.0495593e-03
642.0 9.5878004e-01 5.0490551e-03
643.0 9.5784390e-01 5.0465896e-03
644.0 9.5801986e-01 5.0470531e-03
645.0 9.5903841e-01 5.0497354e-03
646.0 9.6119317e-01 5.0554050e-03
647.0 9.6248579e-01 5.0588032e-03
648.0 9.6345309e-01 5.0613446e-03
649.0 9.6291130e-01 5.0599213e-03
650.0 9.6368651e-01 5.0619577e-03
651.0 9.6368520e-01 5.0619542e-03
652.0 9.6180808e-01 5.0570219e-03
653.0 9.6409420e-01 5.0630283e-03
654.0 9.6396430e-01 5.0626872e-03
655.0 9.6529458e-01 5.0661793e-03
656.0 9.6587026e-01 5.0676897e-03
657.0 9.6612621e-01 5.0683611e-03
658.0 9.6401491e-01 5.0628201e-03
659.0 9.6387121e-01 5.0624427e-03
660.0 9.6586085e-01 5.0676650e-03
661.0 9.6603572e-01 5.0681238e-03
662.0 9.6743803e-01 5.0718009e-03
663.0 9.6729299e-01 5.0714207e-03
664.0 9.6592343e-01 5.0678292e-03
665.0 9.6537217e-01 5.0663829e-03
666.0 9.6544100e-01 5.0665635e-03
667.0 9.6591217e-01 5.0677997e-03
668.0 9.6451034e-01 5.0641209e-03
669.0 9.6382576e-01 5.0623234e-03
670.0 9.6142609e-01 5.0560175e-03
671.0 9.6248218e-01 5.0587937e-03
672.0 9.6294252e-01 5.0600033e-03
673.0 9.6149996e-01 5.0562118e-03
674.0 9.6305990e-01 5.0603117e-03
675.0 9.6253862e-01 5.0589420e-03
676.0 9.6136776e-01 5.0558642e-03
677.0 9.6319795e-01 5.0606744e-03
678.0 9.6128784e-01 5.0556540e-03
679.0 9.6309147e-01 5.0603947e-03
680.0 9.6265352e-01 5.0592439e-03
681.0 9.6355922e-01 5.0616234e-03
682.0 9.6397852e-01 5.0627245e-03
683.0 9.6683148e-01 5.0702108e-03
684.0 9.6476340e-01 5.0647852e-03
685.0 9.6409550e-01 5.0630317e-03
686.0 9.6349544e-01 5.0614558e-03
687.0 9.6614574e-01 5.0684124e-03
688.0 9.6551776e-01 5.0667649e-03
689.0 9.6575264e-01 5.0673811e-03
690.0 9.6518486e-01 5.0658913e-03
691.0 9.6549769e-01 5.0667122e-03
692.0 9.6606309e-01 5.0681956e-03
693.0 9.6520340e-01 5.0659400e-03
694.0 9.6444446e-01 5.0639479e-03
695.0 9.6585714e-01 5.0676553e-03
696.0 9.6445024e-01 5.0639631e-03
697.0 9.6473277e-01 5.0647048e-03
698.0 9.6534746e-01 5.0663180e-03
699.0 9.6537184e-01 5.0663820e-03
700.0 9.6412755e-01 5.0631159e-03
701.0 9.6299329e-01 5.0601367e-03
702.0 9.6394544e-01 5.0626377e-03
703.0 9.6211874e-01 5.0578385e-03
704.0 9.5931104e-01 5.0504531e-03
705.0 9.6055731e-01 5.0537326e-03
706.0 9.6046918e-01 5.0535008e-03
707.0 9.6030716e-01 5.0530745e-03
708.0 9.6059596e-01 5.0538343e-03
709.0 9.6259517e-01 5.0590906e-03
710.0 9.6538650e-01 5.0664205e-03
711.0 9.6569503e-01 5.0672300e-03
712.0 9.6923718e-01 5.0765148e-03
713.0 9.6853616e-01 5.0746786e-03
714.0 9.6869840e-01 5.0751036e-03
715.0 9.6785944e-01 5.0729054e-03
716.0 9.6795335e-01 5.0731515e-03
717.0 9.6762490e-01 5.0722907e-03
718.0 9.6706256e-01 5.0708166e-03
719.0 9.6664001e-01 5.0697087e-03
720.0 9.6829577e-01 5.0740488e-03
721.0 9.6724104e-01 5.0712845e-03
722.0 9.6889503e-01 5.0756186e-03
723.0 9.7021785e-01 5.0790823e-03
724.0 9.7080157e-01 5.0806100e-03
725.0 9.6941397e-01 5.0769777e-03
726.0 9.6966985e-01 5.0776477e-03
727.0 9.6841665e-01 5.0743655e-03
728.0 9.6588200e-01 5.0677205e-03
729.0 9.6639147e-01 5.0690569e-03
730.0 9.6722756e-01 5.0712492e-03
731.0 9.6779002e-01 5.0727235e-03
732.0 9.6774285e-01 5.0725999e-03
733.0 9.6783036e-01 5.0728292e-03
734.0 9.6790511e-01 5.0730251e-03
735.0 9.7053972e-01 5.0799247e-03
736.0 9.7025050e-01 5.0791678e-03
737.0 9.7116934e-01 5.0815722e-03
738.0 9.7118689e-01 5.0816181e-03
739.0 9.6948701e-01 5.0771690e-03
740.0 9.7032271e-01 5.0793568e-03
741.0 9.6950303e-01 5.0772109e-03
742.0 9.6929894e-01 5.0766765e-03
743.0 9.6801864e-01 5.0733226e-03
744.0 9.6647631e-01 5.0692794e-03
745.0 9.6738275e-01 5.0716560e-03
746.0 9.6621383e-01 5.0685910e-03
747.0 9.6720226e-01 5.0711829e-03
748.0 9.6794814e-01 5.0731379e-03
749.0 9.6788459e-01 5.0729713e-03
750.0 9.6908479e-01 5.0761157e-03
751.0 9.7013247e-01 5.0788588e-03
752.0 9.7026744e-01 5.0792121e-03
753.0 9.6944687e-01 5.0770639e-03
754.0 9.7204597e-01 5.0838652e-03
755.0 9.7213580e-01 5.0841001e-03
756.0 9.7155774e-01 5.0825882e-03
757.0 9.7181848e-01 5.0832702e-03
758.0 9.7292438e-01 5.0861617e-03
759.0 9.7395466e-01 5.0888540e-03
760.0 9.7329171e-01 5.0871218e-03
761.0 9.7429456e-01 5.0897419e-03
762.0 9.7621055e-01 5.0947440e-03
763.0 9.7431060e-01 5.0897838e-03
764.0 9.7435211e-01 5.0898922e-03
765.0 9.7640805e-01 5.0952594e-03
766.0 9.7548830e-01 5.0928590e-03
767.0 9.7458332e-01 5.0904961e-03
768.0 9.7478389e-01 5.0910199e-03
769.0 9.7244681e-01 5.0849132e-03
770.0 9.7283094e-01 5.0859174e-03
771.0 9.7438735e-01 5.0899843e-03
772.0 9.7462280e-01 5.0905992e-03
773.0 9.7333091e-01 5.0872242e-03
774.0 9.7434508e-01 5.0898739e-03
775.0 9.7375861e-01 5.0883418e-03
776.0 9.7346673e-01 5.0875791e-03
777.0 9.7483688e-01 5.0911582e-03
778.0 9.7544999e-01 5.0927590e-03
779.0 9.7547796e-01 5.0928320e-03
780.0 9.7659066e-01 5.0957358e-03
781.0 9.7787480e-01 5.0990850e-03
782.0 9.7734040e-01 5.0976914e-03
783.0 9.7566108e-01 5.0933100e-03
784.0 9.7481478e-01 5.0911005e-03
785.0 9.7216299e-01 5.0841711e-03
786.0 9.7149382e-01 5.0824210e-03
787.0 9.7133728e-01 5.0820116e-03
788.0 9.6956006e-01 5.0773602e-03
789.0 9.6808143e-01 5.0734871e-03
790.0 9.6856429e-01 5.0747523e-03
791.0 9.6893274e-01 5.0757174e-03
792.0 9.6999904e-01 5.0785095e-03
793.0 9.6999893e-01 5.0785093e-03
794.0 9.6918675e-01 5.0763827e-03
795.0 9.6888515e-01 5.0755928e-03
796.0 9.6682158e-01 5.0701848e-03
797.0 9.6658253e-01 5.0695579e-03
798.0 9.6656191e-01 5.0695039e-03
799.0 9.6543997e-01 5.0665608e-03
800.0 9.6386106e-01 5.0624161e-03
801.0 9.6407907e-01 5.0629886e-03
802.0 9.6508398e-01 5.0656266e-03
803.0 9.6456672e-01 5.0642689e-03
804.0 9.6453735e-01 5.0641918e-03
805.0 9.6502585e-01 5.0654740e-03
806.0 9.6211573e-01 5.0578306e-03
807.0 9.6444223e-01 5.0639421e-03
808.0 9.6180054e-01 5.0570020e-03
809.0 9.6145472e-01 5.0560928e-03
810.0 9.6092996e-01 5.0547128e-03
811.0 9.6210031e-01 5.0577901e-03
812.0 9.6117555e-01 5.0553587e-03
813.0 9.6410326e-01 5.0630521e-03
814.0 9.6394280e-01 5.0626307e-03
815.0 9.6200065e-01 5.0575281e-03
816.0 9.6176656e-01 5.0569127e-03
817.0 9.6232684e-01 5.0583854e-03
818.0 9.6446374e-01 5.0639985e-03
819.0 9.6624499e-01 5.0686727e-03
820.0 9.6608407e-01 5.0682506e-03
821.0 9.6375089e-01 5.0621268e-03
822.0 9.6329683e-01 5.0609341e-03
823.0 9.6454338e-01 5.0642076e-03
824.0 9.6571962e-01 5.0672945e-03
825.0 9.6510881e-01 5.0656918e-03
826.0 9.6495528e-01 5.0652888e-03
827.0 9.6604107e-01 5.0681378e-03
828.0 9.6662821e-01 5.0696777e-03
829.0 9.6437422e-01 5.0637635e-03
830.0 9.6207523e-01 5.0577241e-03
831.0 9.6505215e-01 5.0655430e-03
832.0 9.6372051e-01 5.0620470e-03
833.0 9.6346858e-01 5.0613853e-03
834.0 9.6242877e-01 5.0586533e-03
835.0 9.6113494e-01 5.0552519e-03
836.0 9.6243759e-01 5.0586765e-03
837.0 9.6167108e-01 5.0566617e-03
838.0 9.6210363e-01 5.0577988e-03
839.0 9.6224314e-01 5.0581655e-03
840.0 9.6345993e-01 5.0613626e-03
841.0 9.6598560e-01 5.0679923e-03
842.0 9.6727152e-01 5.0713644e-03
843.0 9.6374491e-01 5.0621110e-03
844.0 9.6283584e-01 5.0597230e-03
845.0 9.6212313e-01 5.0578500e-03
846.0 9.6185573e-01 5.0571471e-03
847.0 9.6329875e-01 5.0609392e-03
848.0 9.6462887e-01 5.0644320e-03
849.0 9.6569941e-01 5.0672415e-03
850.0 9.6416467e-01 5.0632133e-03
851.0 9.6434268e-01 5.0636807e-03
852.0 9.6372088e-01 5.0620480e-03
853.0 9.6436829e-01 5.0637479e-03
854.0 9.6216248e-01 5.0579534e-03
855.0 9.6547926e-01 5.0666639e-03
856.0 9.6502869e-01 5.0654815e-03
857.0 9.6520421e-01 5.0659421e-03
858.0 9.6499421e-01 5.0653910e-03
859.0 9.6251908e-01 5.0588907e-03
860.0 9.6442285e-01 5.0638912e-03
861.0 9.6647026e-01 5.0692635e-03
862.0 9.6575870e-01 5.0673970e-03
863.0 9.6594142e-01 5.0678764e-03
864.0 9.6562771e-01 5.0670534e-03
865.0 9.6876233e-01 5.0752711e-03
866.0 9.6932822e-01 5.0767532e-03
867.0 9.6673783e-01 5.0699652e-03
868.0 9.6556030e-01 5.0668765e-03
869.0 9.6660306e-01 5.0696118e-03
870.0 9.6416180e-01 5.0632058e-03
871.0 9.6427436e-01 5.0635013e-03
872.0 9.6440193e-01 5.0638363e-03
873.0 9.6259227e-01 5.0590830e-03
874.0 9.6425052e-01 5.0634387e-03
875.0 9.6449660e-01 5.0640848e-03
876.0 9.6271728e-01 5.0594115e-03
877.0 9.5997857e-01 5.0522099e-03
878.0 9.6151616e-01 5.0562544e-03
879.0 9.6156417e-01 5.0563806e-03
880.0 9.6230926e-01 5.0583392e-03
881.0 9.6237482e-01 5.0585115e-03
882.0 9.6076900e-01 5.0542895e-03
883.0 9.6089991e-01 5.0546338e-03
884.0 9.6102029e-01 5.0549504e-03
885.0 9.6192006e-01 5.0573162e-03
886.0 9.6286999e-01 5.0598127e-03
887.0 9.6283771e-01 5.0597279e-03
888.0 9.6406114e-01 5.0629415e-03
889.0 9.6468729e-01 5.0645854e-03
890.0 9.6444620e-01 5.0639525e-03
891.0 9.6553884e-01 5.0668202e-03
892.0 9.6755882e-01 5.0721175e-03
893.0 9.6776103e-01 5.0726475e-03
894.0 9.7071734e-01 5.0803896e-03
895.0 9.7082673e-01 5.0806758e-03
896.0 9.7118546e-01 5.0816144e-03
897.0 9.6990154e-01 5.0782543e-03
898.0 9.6835308e-01 5.0741989e-03
899.0 9.6813770e-01 5.0736346e-03
900.0 9.6828826e-01 5.0740291e-03
901.0 9.6968585e-01 5.0776896e-03
902.0 9.6982129e-01 5.0780442e-03
903.0 9.6875507e-01 5.0752520e-03
904.0 9.6718721e-01 5.0711434e-03
905.0 9.6744618e-01 5.0718223e-03
906.0 9.6502605e-01 5.0654746e-03
907.0 9.6614846e-01 5.0684195e-03
908.0 9.6513220e-01 5.0657531e-03
909.0 9.6739526e-01 5.0716888e-03
910.0 9.6689241e-01 5.0703705e-03
911.0 9.6811657e-01 5.0735792e-03
912.0 9.6797708e-01 5.0732137e-03
913.0 9.6780679e-01 5.0727674e-03
914.0 9.6719177e-01 5.0711554e-03
915.0 9.6729012e-01 5.0714132e-03
916.0 9.6703966e-01 5.0707566e-03
917.0 9.6734447e-01 5.0715557e-03
918.0 9.6648696e-01 5.0693073e-03
919.0 9.6681861e-01 5.0701770e-03
920.0 9.6703072e-01 5.0707331e-03
921.0 9.6708105e-01 5.0708651e-03
922.0 9.6612084e-01 5.0683471e-03
923.0 9.6604783e-01 5.0681555e-03
924.0 9.6778234e-01 5.0727034e-03
925.0 9.6894425e-01 5.0757476e-03
926.0 9.7188926e-01 5.0834553e-03
927.0 9.7056243e-01 5.0799842e-03
928.0 9.6932272e-01 5.0767388e-03
929.0 9.6958364e-01 5.0774220e-03
930.0 9.7084500e-01 5.0807236e-03
931.0 9.6819058e-01 5.0737732e-03
932.0 9.6775644e-01 5.0726355e-03
933.0 9.6792248e-01 5.0730706e-03
934.0 9.6847821e-01 5.0745268e-03
935.0 9.7003479e-01 5.0786031e-03
936.0 9.7089582e-01 5.0808566e-03
937.0 9.7001320e-01 5.0785466e-03
938.0 9.6899508e-01 5.0758807e-03
939.0 9.6687690e-01 5.0703298e-03
940.0 9.6717619e-01 5.0711145e-03
941.0 9.7028358e-01 5.0792543e-03
942.0 9.6947528e-01 5.0771383e-03
943.0 9.7066829e-01 5.0802612e-03
944.0 9.7088459e-01 5.0808272e-03
945.0 9.7163282e-01 5.0827846e-03
946.0 9.7295439e-01 5.0862401e-03
947.0 9.7251967e-01 5.0851037e-03
948.0 9.7121011e-01 5.0816789e-03
949.0 9.7262961e-01 5.0853911e-03
950.0 9.7242635e-01 5.0848598e-03
951.0 9.7397557e-01 5.0889086e-03
952.0 9.7367335e-01 5.0881190e-03
953.0 9.7248083e-01 5.0850022e-03
954.0 9.7239119e-01 5.0847678e-03
955.0 9.7167353e-01 5.0828911e-03
956.0 9.7132627e-01 5.0819828e-03
957.0 9.7021712e-01 5.0790804e-03
958.0 9.6918393e-01 5.0763753e-03
959.0 9.6693731e-01 5.0704882e-03
960.0 9.6773929e-01 5.0725905e-03
961.0 9.6744153e-01 5.0718101e-03
962.0 9.6777943e-01 5.0726957e-03
963.0 9.6703246e-01 5.0707377e-03
964.0 9.6773094e-01 5.0725687e-03
965.0 9.7006199e-01 5.0786743e-03
966.0 9.7014209e-01 5.0788840e-03
967.0 9.6994404e-01 5.0783656e-03
968.0 9.7226322e-01 5.0844332e-03
969.0 9.7144300e-01 5.0822881e-03
970.0 9.6998691e-01 5.0784778e-03
971.0 9.6782526e-01 5.0728159e-03
972.0 9.6864433e-01 5.0749620e-03
973.0 9.6792017e-01 5.0730646e-03
974.0 9.6793838e-01 5.0731123e-03
975.0 9.6833583e-01 5.0741537e-03
976.0 9.6720223e-01 5.0711828e-03
977.0 9.6810237e-01 5.0735420e-03
978.0 9.6690203e-01 5.0703957e-03
979.0 9.6873218e-01 5.0751921e-03
980.0 9.6688623e-01 5.0703543e-03
981.0 9.6610875e-01 5.0683153e-03
982.0 9.6566536e-01 5.0671522e-03
983.0 9.6517923e-01 5.0658766e-03
984.0 9.6631112e-01 5.0688461e-03
985.0 9.6680685e-01 5.0701462e-03
986.0 9.6990653e-01 5.0782674e-03
987.0 9.7048549e-01 5.0797828e-03
988.0 9.7130529e-01 5.0819279e-03
989.0 9.7134874e-01 5.0820415e-03
990.0 9.7131831e-01 5.0819619e-03
991.0 9.7144407e-01 5.0822909e-03
992.0 9.7255936e-01 5.0852075e-03
993.0 9.7356426e-01 5.0878340e-03
994.0 9.7217006e-01 5.0841896e-03
995.0 9.7184559e-01 5.0833411e-03
996.0 9.7045662e-01 5.0797072e-03
997.0 9.6752222e-01 5.0720216e-03
998.0 9.6872057e-01 5.0751617e-03
999.0 9.7015931e-01 5.0789291e-03
1000.0 9.7246884e-01 5.0849709e-03
