1.0 9.3018992e-01 5.1440605e-03
2.0 9.3109046e-01 5.1465499e-03
3.0 9.3313655e-01 5.1522016e-03
4.0 9.2887557e-01 5.1404249e-03
5.0 9.2841996e-01 5.1391641e-03
6.0 9.2569646e-01 5.1316208e-03
7.0 9.2263043e-01 5.1231154e-03
8.0 9.2723017e-01 5.1358701e-03
9.0 9.3309370e-01 5.1520833e-03
10.0 9.2674543e-01 5.1345274e-03
11.0 9.3280720e-01 5.1512923e-03
12.0 9.2868995e-01 5.1399113e-03
13.0 9.3567923e-01 5.1592164e-03
14.0 9.3201477e-01 5.1491038e-03
15.0 9.2860989e-01 5.1396897e-03
16.0 9.2471701e-01 5.1289052e-03
17.0 9.2290335e-01 5.1238731e-03
18.0 9.3119346e-01 5.1468346e-03
19.0 9.3628198e-01 5.1608779e-03
20.0 9.3544977e-01 5.1585838e-03
21.0 9.3510635e-01 5.1576368e-03
22.0 9.3144606e-01 5.1475326e-03
23.0 9.2630698e-01 5.1333127e-03
24.0 9.1979859e-01 5.1152471e-03
25.0 9.1827616e-01 5.1110121e-03
26.0 9.1909633e-01 5.1132940e-03
27.0 9.2247468e-01 5.1226830e-03
28.0 9.2115422e-01 5.1190153e-03
29.0 9.2470473e-01 5.1288712e-03
30.0 9.2953495e-01 5.1422491e-03
31.0 9.1732252e-01 5.1083574e-03
32.0 9.0641007e-01 5.0778821e-03
33.0 9.0772423e-01 5.0815618e-03
34.0 9.0922239e-01 5.0857536e-03
35.0 9.0621383e-01 5.0773324e-03
36.0 9.0349127e-01 5.0696997e-03
37.0 9.0404644e-01 5.0712570e-03
38.0 9.1551255e-01 5.1033153e-03
39.0 9.0869065e-01 5.0842662e-03
40.0 9.0442099e-01 5.0723074e-03
41.0 9.0172664e-01 5.0647464e-03
42.0 9.0346567e-01 5.0696278e-03
43.0 8.9698685e-01 5.0514178e-03
44.0 8.9537118e-01 5.0468664e-03
45.0 9.0339435e-01 5.0694277e-03
46.0 9.0376980e-01 5.0704811e-03
47.0 9.1456256e-01 5.1006669e-03
48.0 9.0941685e-01 5.0862974e-03
49.0 9.0851947e-01 5.0837873e-03
50.0 9.0056758e-01 5.0614903e-03
51.0 9.0604552e-01 5.0768609e-03
52.0 9.1061492e-01 5.0896467e-03
53.0 9.0995785e-01 5.0878100e-03
54.0 9.1454316e-01 5.1006128e-03
55.0 9.0748039e-01 5.0808793e-03
56.0 9.1224013e-01 5.0941865e-03
57.0 9.1463916e-01 5.1008805e-03
58.0 9.1836035e-01 5.1112464e-03
59.0 9.2368295e-01 5.1260367e-03
60.0 9.2255024e-01 5.1228928e-03
61.0 9.2199121e-01 5.1213404e-03
62.0 9.1952976e-01 5.1144996e-03
63.0 9.2729720e-01 5.1360557e-03
64.0 9.3440973e-01 5.1557153e-03
65.0 9.2706527e-01 5.1354134e-03
66.0 9.3351019e-01 5.1532330e-03
67.0 9.3727652e-01 5.1636182e-03
68.0 9.2875267e-01 5.1400849e-03
69.0 9.2741854e-01 5.1363917e-03
70.0 9.3162173e-01 5.1480180e-03
71.0 9.4241514e-01 5.1777536e-03
72.0 9.4514475e-01 5.1852466e-03
73.0 9.4693490e-01 5.1901548e-03
74.0 9.4053931e-01 5.1725980e-03
75.0 9.4449665e-01 5.1834685e-03
76.0 9.4679914e-01 5.1897828e-03
77.0 9.4702063e-01 5.1903898e-03
78.0 9.4019088e-01 5.1716398e-03
79.0 9.4305348e-01 5.1795069e-03
80.0 9.3422236e-01 5.1551984e-03
81.0 9.3372504e-01 5.1538260e-03
82.0 9.2904712e-01 5.1408996e-03
83.0 9.3093770e-01 5.1461277e-03
84.0 9.3219470e-01 5.1496008e-03
85.0 9.3599137e-01 5.1600769e-03
86.0 9.3709165e-01 5.1631089e-03
87.0 9.2955705e-01 5.1423103e-03
88.0 9.2547655e-01 5.1310112e-03
89.0 9.2971719e-01 5.1427532e-03
90.0 9.3038132e-01 5.1445897e-03
91.0 9.4183997e-01 5.1761733e-03
92.0 9.4027813e-01 5.1718797e-03
93.0 9.3179577e-01 5.1484988e-03
94.0 9.2808476e-01 5.1382363e-03
95.0 9.2541753e-01 5.1308476e-03
96.0 9.2472340e-01 5.1289230e-03
97.0 9.3131681e-01 5.1471755e-03
98.0 9.3633198e-01 5.1610157e-03
99.0 9.3698111e-01 5.1628044e-03
100.0 9.3241484e-01 5.1502088e-03
101.0 9.3289643e-01 5.1515387e-03
102.0 9.2823981e-01 5.1386655e-03
103.0 9.2041751e-01 5.1169678e-03
104.0 9.1827662e-01 5.1110133e-03
105.0 9.1420692e-01 5.0996750e-03
106.0 9.1059449e-01 5.0895896e-03
107.0 9.1040020e-01 5.0890466e-03
108.0 9.0641005e-01 5.0778820e-03
109.0 9.0315409e-01 5.0687536e-03
110.0 9.0210900e-01 5.0658201e-03
111.0 9.1211650e-01 5.0938413e-03
112.0 9.1453749e-01 5.1005970e-03
113.0 9.1395113e-01 5.0989616e-03
114.0 9.0888531e-01 5.0848107e-03
115.0 9.1051131e-01 5.0893571e-03
116.0 9.2155875e-01 5.1201392e-03
117.0 9.2079664e-01 5.1180216e-03
118.0 9.1961136e-01 5.1147265e-03
119.0 9.2124513e-01 5.1192679e-03
120.0 9.2810239e-01 5.1382851e-03
121.0 9.2237467e-01 5.1224053e-03
122.0 9.2571469e-01 5.1316713e-03
123.0 9.2539814e-01 5.1307938e-03
124.0 9.2687201e-01 5.1348781e-03
125.0 9.3136051e-01 5.1472962e-03
126.0 9.2622535e-01 5.1330865e-03
127.0 9.2408955e-01 5.1271649e-03
128.0 9.2654646e-01 5.1339762e-03
129.0 9.2228038e-01 5.1221435e-03
130.0 9.2361909e-01 5.1258595e-03
131.0 9.2551514e-01 5.1311182e-03
132.0 9.2770086e-01 5.1371735e-03
133.0 9.3423248e-01 5.1552263e-03
134.0 9.2966195e-01 5.1426004e-03
135.0 9.2265882e-01 5.1231942e-03
136.0 9.1763545e-01 5.1092287e-03
137.0 9.2049411e-01 5.1171808e-03
138.0 9.2127476e-01 5.1193502e-03
139.0 9.1717380e-01 5.1079433e-03
140.0 9.2426831e-01 5.1276607e-03
141.0 9.2782011e-01 5.1375036e-03
142.0 9.2833854e-01 5.1389388e-03
143.0 9.3371462e-01 5.1537973e-03
144.0 9.3816985e-01 5.1660784e-03
145.0 9.3678228e-01 5.1622566e-03
146.0 9.2897522e-01 5.1407007e-03
147.0 9.2326057e-01 5.1248646e-03
148.0 9.3359126e-01 5.1534568e-03
149.0 9.2463800e-01 5.1286861e-03
150.0 9.2334684e-01 5.1251040e-03
151.0 9.2329407e-01 5.1249576e-03
152.0 9.2494159e-01 5.1295280e-03
153.0 9.2353363e-01 5.1256224e-03
154.0 9.2565413e-01 5.1315034e-03
155.0 9.2265529e-01 5.1231844e-03
156.0 9.2341916e-01 5.1253047e-03
157.0 9.1826141e-01 5.1109710e-03
158.0 9.1355371e-01 5.0978528e-03
159.0 9.1748646e-01 5.1088139e-03
160.0 9.2499137e-01 5.1296661e-03
161.0 9.1856180e-01 5.1118069e-03
162.0 9.2349999e-01 5.1255291e-03
163.0 9.3285790e-01 5.1514323e-03
164.0 9.2916327e-01 5.1412209e-03
165.0 9.3527709e-01 5.1581076e-03
166.0 9.4240012e-01 5.1777123e-03
167.0 9.3947067e-01 5.1696586e-03
168.0 9.3287707e-01 5.1514853e-03
169.0 9.3632447e-01 5.1609950e-03
170.0 9.3749638e-01 5.1642238e-03
171.0 9.4200478e-01 5.1766262e-03
172.0 9.4834341e-01 5.1940134e-03
173.0 9.4528480e-01 5.1856308e-03
174.0 9.4557156e-01 5.1864172e-03
175.0 9.3351826e-01 5.1532553e-03
176.0 9.3146905e-01 5.1475961e-03
177.0 9.2635231e-01 5.1334383e-03
178.0 9.2875651e-01 5.1400955e-03
179.0 9.2864316e-01 5.1397818e-03
180.0 9.1940004e-01 5.1141388e-03
181.0 9.2436357e-01 5.1279250e-03
182.0 9.2357876e-01 5.1257476e-03
183.0 9.1984041e-01 5.1153634e-03
184.0 9.1577530e-01 5.1040476e-03
185.0 9.1697579e-01 5.1073919e-03
186.0 9.1627958e-01 5.1054527e-03
187.0 9.0469942e-01 5.0730881e-03
188.0 9.0413511e-01 5.0715057e-03
189.0 9.0587080e-01 5.0763713e-03
190.0 9.1570808e-01 5.1038603e-03
191.0 9.1237658e-01 5.0945675e-03
192.0 9.1515533e-01 5.1023196e-03
193.0 9.1367740e-01 5.0981979e-03
194.0 9.2051823e-01 5.1172478e-03
195.0 9.2540790e-01 5.1308209e-03
196.0 9.2750006e-01 5.1366175e-03
197.0 9.2556523e-01 5.1312570e-03
198.0 9.1664202e-01 5.1064623e-03
199.0 9.1970729e-01 5.1149933e-03
200.0 9.2067150e-01 5.1176738e-03
201.0 9.2018731e-01 5.1163279e-03
202.0 9.2173725e-01 5.1206350e-03
203.0 9.3068097e-01 5.1454181e-03
204.0 9.3622692e-01 5.1607261e-03
205.0 9.3718777e-01 5.1633737e-03
206.0 9.3276517e-01 5.1511763e-03
207.0 9.3309752e-01 5.1520939e-03
208.0 9.2727593e-01 5.1359968e-03
209.0 9.2328936e-01 5.1249445e-03
210.0 9.2667563e-01 5.1343341e-03
211.0 9.2675883e-01 5.1345646e-03
212.0 9.3130956e-01 5.1471554e-03
213.0 9.3026660e-01 5.1442725e-03
214.0 9.3866810e-01 5.1674500e-03
215.0 9.4047863e-01 5.1724312e-03
216.0 9.4023280e-01 5.1717551e-03
217.0 9.4223235e-01 5.1772514e-03
218.0 9.4153152e-01 5.1753257e-03
219.0 9.4090282e-01 5.1735975e-03
220.0 9.3493606e-01 5.1571671e-03
221.0 9.3436721e-01 5.1555980e-03
222.0 9.3257688e-01 5.1506563e-03
223.0 9.3702297e-01 5.1629197e-03
224.0 9.4356717e-01 5.1809173e-03
225.0 9.4933978e-01 5.1967412e-03
226.0 9.4644933e-01 5.1888240e-03
227.0 9.5112824e-01 5.2016340e-03
228.0 9.5179852e-01 5.2034665e-03
229.0 9.4891887e-01 5.1955891e-03
230.0 9.5509846e-01 5.2124791e-03
231.0 9.5397072e-01 5.2094008e-03
232.0 9.5319812e-01 5.2072909e-03
233.0 9.5503466e-01 5.2123050e-03
234.0 9.4713191e-01 5.1906947e-03
235.0 9.4415511e-01 5.1825312e-03
236.0 9.5405903e-01 5.2096419e-03
237.0 9.4830689e-01 5.1939134e-03
238.0 9.4534832e-01 5.1858050e-03
239.0 9.5471630e-01 5.2114361e-03
240.0 9.5296443e-01 5.2066525e-03
241.0 9.5124512e-01 5.2019536e-03
242.0 9.5299826e-01 5.2067450e-03
243.0 9.4571458e-01 5.1868095e-03
244.0 9.3123370e-01 5.1469458e-03
245.0 9.3113828e-01 5.1466821e-03
246.0 9.3923265e-01 5.1690037e-03
247.0 9.3701061e-01 5.1628857e-03
248.0 9.3436900e-01 5.1556029e-03
249.0 9.3534741e-01 5.1583015e-03
250.0 9.2240105e-01 5.1224785e-03
251.0 9.1737764e-01 5.1085109e-03
252.0 9.1295462e-01 5.0961810e-03
253.0 9.1344275e-01 5.0975432e-03
254.0 9.1493052e-01 5.1016929e-03
255.0 9.0685458e-01 5.0791271e-03
256.0 9.0240641e-01 5.0666551e-03
257.0 9.0139516e-01 5.0638154e-03
258.0 9.0492240e-01 5.0737133e-03
259.0 9.1052727e-01 5.0894017e-03
260.0 9.1423697e-01 5.0997589e-03
261.0 9.1328457e-01 5.0971019e-03
262.0 9.1568582e-01 5.1037982e-03
263.0 9.1227825e-01 5.0942929e-03
264.0 9.1212434e-01 5.0938632e-03
265.0 9.1548599e-01 5.1032413e-03
266.0 9.1301160e-01 5.0963401e-03
267.0 9.1708277e-01 5.1076899e-03
268.0 9.2511211e-01 5.1300008e-03
269.0 9.2840463e-01 5.1391217e-03
270.0 9.2650547e-01 5.1338627e-03
271.0 9.3104687e-01 5.1464295e-03
272.0 9.2966063e-01 5.1425968e-03
273.0 9.2539265e-01 5.1307786e-03
274.0 9.3349764e-01 5.1531984e-03
275.0 9.4018110e-01 5.1716129e-03
276.0 9.3277563e-01 5.1512052e-03
277.0 9.2913361e-01 5.1411389e-03
278.0 9.3285316e-01 5.1514192e-03
279.0 9.3828600e-01 5.1663981e-03
280.0 9.3933987e-01 5.1692987e-03
281.0 9.3224877e-01 5.1497502e-03
282.0 9.3780184e-01 5.1650650e-03
283.0 9.3667503e-01 5.1619610e-03
284.0 9.3672085e-01 5.1620873e-03
285.0 9.3417815e-01 5.1550764e-03
286.0 9.3705107e-01 5.1629971e-03
287.0 9.3501017e-01 5.1573715e-03
288.0 9.3359676e-01 5.1534720e-03
289.0 9.3825606e-01 5.1663157e-03
290.0 9.3678528e-01 5.1622648e-03
291.0 9.4316170e-01 5.1798041e-03
292.0 9.4041952e-01 5.1722686e-03
293.0 9.4151393e-01 5.1752773e-03
294.0 9.4550594e-01 5.1862373e-03
295.0 9.4243865e-01 5.1778182e-03
296.0 9.4251590e-01 5.1780304e-03
297.0 9.3386189e-01 5.1542037e-03
298.0 9.3110267e-01 5.1465837e-03
299.0 9.2719002e-01 5.1357589e-03
300.0 9.3310855e-01 5.1521243e-03
301.0 9.3784827e-01 5.1651929e-03
302.0 9.3186234e-01 5.1486827e-03
303.0 9.2646391e-01 5.1337475e-03
304.0 9.2601742e-01 5.1325103e-03
305.0 9.3370193e-01 5.1537623e-03
306.0 9.3594471e-01 5.1599483e-03
307.0 9.3183133e-01 5.1485971e-03
308.0 9.2556519e-01 5.1312569e-03
309.0 9.2928749e-01 5.1415646e-03
310.0 9.3064009e-01 5.1453051e-03
311.0 9.2596061e-01 5.1323529e-03
312.0 9.1617165e-01 5.1051520e-03
313.0 9.1578259e-01 5.1040679e-03
314.0 9.1647559e-01 5.1059987e-03
315.0 9.2490422e-01 5.1294244e-03
316.0 9.1495362e-01 5.1017573e-03
317.0 9.0696573e-01 5.0794383e-03
318.0 9.0310588e-01 5.0686183e-03
319.0 9.0289539e-01 5.0680276e-03
320.0 9.0358682e-01 5.0699677e-03
321.0 9.0572205e-01 5.0759545e-03
322.0 9.1328900e-01 5.0971142e-03
323.0 9.2100628e-01 5.1186042e-03
324.0 9.1765817e-01 5.1092920e-03
325.0 9.2633999e-01 5.1334042e-03
326.0 9.2742126e-01 5.1363993e-03
327.0 9.2173710e-01 5.1206346e-03
328.0 9.2242871e-01 5.1225553e-03
329.0 9.2916422e-01 5.1412236e-03
330.0 9.2835423e-01 5.1389822e-03
331.0 9.2795823e-01 5.1378860e-03
332.0 9.3428325e-01 5.1553664e-03
333.0 9.2849414e-01 5.1393694e-03
334.0 9.3529972e-01 5.1581700e-03
335.0 9.3122432e-01 5.1469199e-03
336.0 9.3071571e-01 5.1455141e-03
337.0 9.2722115e-01 5.1358451e-03
338.0 9.3053366e-01 5.1450108e-03
339.0 9.3103137e-01 5.1463866e-03
340.0 9.3377403e-01 5.1539612e-03
341.0 9.2939406e-01 5.1418594e-03
342.0 9.2819175e-01 5.1385325e-03
343.0 9.2154232e-01 5.1200935e-03
344.0 9.2791700e-01 5.1377719e-03
345.0 9.2176224e-01 5.1207044e-03
346.0 9.2713963e-01 5.1356193e-03
347.0 9.2464973e-01 5.1287186e-03
348.0 9.3181598e-01 5.1485547e-03
349.0 9.3496751e-01 5.1572539e-03
350.0 9.4057785e-01 5.1727040e-03
351.0 9.2992850e-01 5.1433376e-03
352.0 9.3088976e-01 5.1459952e-03
353.0 9.2470748e-01 5.1288788e-03
354.0 9.2754826e-01 5.1367509e-03
355.0 9.3110162e-01 5.1465808e-03
356.0 9.2665202e-01 5.1342687e-03
357.0 9.3263266e-01 5.1508104e-03
358.0 9.3524095e-01 5.1580080e-03
359.0 9.3604640e-01 5.1602286e-03
360.0 9.3516788e-01 5.1578065e-03
361.0 9.3088491e-01 5.1459818e-03
362.0 9.3018358e-01 5.1440430e-03
363.0 9.2751394e-01 5.1366559e-03
364.0 9.2733723e-01 5.1361666e-03
365.0 9.2560026e-01 5.1313541e-03
366.0 9.2793160e-01 5.1378123e-03
367.0 9.2833820e-01 5.1389378e-03
368.0 9.2465836e-01 5.1287426e-03
369.0 9.2725304e-01 5.1359334e-03
370.0 9.2616731e-01 5.1329257e-03
371.0 9.2940213e-01 5.1418817e-03
372.0 9.3857470e-01 5.1671929e-03
373.0 9.4444338e-01 5.1833223e-03
374.0 9.5200330e-01 5.2040263e-03
375.0 9.4845154e-01 5.1943095e-03
376.0 9.4486782e-01 5.1844869e-03
377.0 9.3892157e-01 5.1681476e-03
378.0 9.3166720e-01 5.1481436e-03
379.0 9.3717459e-01 5.1633374e-03
380.0 9.4534404e-01 5.1857932e-03
381.0 9.4501535e-01 5.1848916e-03
382.0 9.3698184e-01 5.1628064e-03
383.0 9.3569312e-01 5.1592547e-03
384.0 9.3455803e-01 5.1561244e-03
385.0 9.3406589e-01 5.1547666e-03
386.0 9.3329638e-01 5.1526429e-03
387.0 9.3517393e-01 5.1578232e-03
388.0 9.2792092e-01 5.1377827e-03
389.0 9.3062240e-01 5.1452562e-03
390.0 9.2251096e-01 5.1227837e-03
391.0 9.1835376e-01 5.1112280e-03
392.0 9.2082654e-01 5.1181047e-03
393.0 9.2152327e-01 5.1200406e-03
394.0 9.2833203e-01 5.1389208e-03
395.0 9.2652419e-01 5.1339145e-03
396.0 9.2658072e-01 5.1340711e-03
397.0 9.2751694e-01 5.1366642e-03
398.0 9.2729635e-01 5.1360534e-03
399.0 9.2067811e-01 5.1176922e-03
400.0 9.2795586e-01 5.1378794e-03
401.0 9.2905089e-01 5.1409100e-03
402.0 9.4025032e-01 5.1718033e-03
403.0 9.3827217e-01 5.1663601e-03
404.0 9.4657411e-01 5.1891660e-03
405.0 9.4908775e-01 5.1960514e-03
406.0 9.5205652e-01 5.2041717e-03
407.0 9.4384905e-01 5.1816911e-03
408.0 9.5679275e-01 5.2171003e-03
409.0 9.5852519e-01 5.2218215e-03
410.0 9.5096488e-01 5.2011873e-03
411.0 9.4756796e-01 5.1918894e-03
412.0 9.5025619e-01 5.1992489e-03
413.0 9.5043007e-01 5.1997245e-03
414.0 9.3924775e-01 5.1690453e-03
415.0 9.4459763e-01 5.1837456e-03
416.0 9.4227003e-01 5.1773549e-03
417.0 9.5184187e-01 5.2035850e-03
418.0 9.5219854e-01 5.2045599e-03
419.0 9.5354185e-01 5.2082297e-03
420.0 9.5060968e-01 5.2002158e-03
421.0 9.5740764e-01 5.2187765e-03
422.0 9.4922582e-01 5.1964293e-03
423.0 9.4842894e-01 5.1942476e-03
424.0 9.4371895e-01 5.1813340e-03
425.0 9.4391126e-01 5.1818619e-03
426.0 9.4195388e-01 5.1764863e-03
427.0 9.4658388e-01 5.1891928e-03
428.0 9.3897299e-01 5.1682891e-03
429.0 9.3823015e-01 5.1662444e-03
430.0 9.4366219e-01 5.1811782e-03
431.0 9.4460912e-01 5.1837771e-03
432.0 9.4946907e-01 5.1970951e-03
433.0 9.4370396e-01 5.1812929e-03
434.0 9.4141730e-01 5.1750117e-03
435.0 9.4530022e-01 5.1856730e-03
436.0 9.5009498e-01 5.1988078e-03
437.0 9.4507873e-01 5.1850655e-03
438.0 9.5298109e-01 5.2066981e-03
439.0 9.5547000e-01 5.2134928e-03
440.0 9.6099961e-01 5.2285571e-03
441.0 9.5801207e-01 5.2204236e-03
442.0 9.5205392e-01 5.2041646e-03
443.0 9.6020320e-01 5.2263902e-03
444.0 9.5537292e-01 5.2132279e-03
445.0 9.5737400e-01 5.2186848e-03
446.0 9.6413792e-01 5.2370875e-03
447.0 9.6199515e-01 5.2312647e-03
448.0 9.5644343e-01 5.2161479e-03
449.0 9.5484602e-01 5.2117902e-03
450.0 9.5836472e-01 5.2213843e-03
451.0 9.5842659e-01 5.2215529e-03
452.0 9.5169919e-01 5.2031950e-03
453.0 9.5182461e-01 5.2035378e-03
454.0 9.5501904e-01 5.2122623e-03
455.0 9.6000242e-01 5.2258437e-03
456.0 9.6233666e-01 5.2321931e-03
457.0 9.6240833e-01 5.2323880e-03
458.0 9.6138414e-01 5.2296031e-03
459.0 9.5733034e-01 5.2185658e-03
460.0 9.5569505e-01 5.2141068e-03
461.0 9.5875930e-01 5.2224591e-03
462.0 9.5250896e-01 5.2054081e-03
463.0 9.5158478e-01 5.2028822e-03
464.0 9.5578964e-01 5.2143648e-03
465.0 9.4679992e-01 5.1897849e-03
466.0 9.5271224e-01 5.2059636e-03
467.0 9.4878739e-01 5.1952291e-03
468.0 9.4773647e-01 5.1923511e-03
469.0 9.4771379e-01 5.1922889e-03
470.0 9.4860271e-01 5.1947235e-03
471.0 9.4982394e-01 5.1980662e-03
472.0 9.5730568e-01 5.2184986e-03
473.0 9.5910161e-01 5.2233913e-03
474.0 9.5969122e-01 5.2249966e-03
475.0 9.6699276e-01 5.2448354e-03
476.0 9.5908831e-01 5.2233551e-03
477.0 9.5550487e-01 5.2135880e-03
478.0 9.5579651e-01 5.2143835e-03
479.0 9.4374796e-01 5.1814136e-03
480.0 9.4309579e-01 5.1796230e-03
481.0 9.4833173e-01 5.1939814e-03
482.0 9.4795641e-01 5.1929535e-03
483.0 9.4910437e-01 5.1960969e-03
484.0 9.5359280e-01 5.2083689e-03
485.0 9.5196698e-01 5.2039270e-03
486.0 9.4657810e-01 5.1891769e-03
487.0 9.4509357e-01 5.1851062e-03
488.0 9.4030250e-01 5.1719468e-03
489.0 9.4603771e-01 5.1876955e-03
490.0 9.4855007e-01 5.1945793e-03
491.0 9.4988385e-01 5.1982301e-03
492.0 9.4710985e-01 5.1906343e-03
493.0 9.4708921e-01 5.1905777e-03
494.0 9.4509587e-01 5.1851125e-03
495.0 9.3820202e-01 5.1661669e-03
496.0 9.3303534e-01 5.1519222e-03
497.0 9.3024254e-01 5.1442060e-03
498.0 9.2806749e-01 5.1381885e-03
499.0 9.3396709e-01 5.1544940e-03
500.0 9.3748506e-01 5.1641926e-03
501.0 9.3504803e-01 5.1574760e-03
502.0 9.4465750e-01 5.1839098e-03
503.0 9.4023438e-01 5.1717594e-03
504.0 9.3619569e-01 5.1606401e-03
505.0 9.4094540e-01 5.1737146e-03
506.0 9.3115303e-01 5.1467228e-03
507.0 9.3475196e-01 5.1566594e-03
508.0 9.3471393e-01 5.1565545e-03
509.0 9.3769508e-01 5.1647710e-03
510.0 9.3477485e-01 5.1567225e-03
511.0 9.2810399e-01 5.1382895e-03
512.0 9.2540782e-01 5.1308207e-03
513.0 9.3092202e-01 5.1460844e-03
514.0 9.2936859e-01 5.1417890e-03
515.0 9.2092953e-01 5.1183909e-03
516.0 9.1983145e-01 5.1153385e-03
517.0 9.2237525e-01 5.1224069e-03
518.0 9.1441969e-01 5.1002685e-03
519.0 9.1279120e-01 5.0957249e-03
520.0 9.0953698e-01 5.0866333e-03
521.0 9.0996610e-01 5.0878331e-03
522.0 9.1010500e-01 5.0882214e-03
523.0 9.1370188e-01 5.0982662e-03
524.0 9.1651073e-01 5.1060966e-03
525.0 9.1402315e-01 5.0991625e-03
526.0 9.1710492e-01 5.1077515e-03
527.0 9.1746282e-01 5.1087481e-03
528.0 9.2029154e-01 5.1166177e-03
529.0 9.1937135e-01 5.1140590e-03
530.0 9.1763813e-01 5.1092362e-03
531.0 9.1748004e-01 5.1087960e-03
532.0 9.2126091e-01 5.1193117e-03
533.0 9.1418152e-01 5.0996042e-03
534.0 9.1344716e-01 5.0975555e-03
535.0 9.1487892e-01 5.1015490e-03
536.0 9.1236115e-01 5.0945244e-03
537.0 9.1817567e-01 5.1107324e-03
538.0 9.2014769e-01 5.1162178e-03
539.0 9.1901972e-01 5.1130809e-03
540.0 9.1960546e-01 5.1147101e-03
541.0 9.1912466e-01 5.1133728e-03
542.0 9.1719867e-01 5.1080126e-03
543.0 9.2080297e-01 5.1180392e-03
544.0 9.2827008e-01 5.1387493e-03
545.0 9.2379031e-01 5.1263346e-03
546.0 9.2757915e-01 5.1368365e-03
547.0 9.3150221e-01 5.1476878e-03
548.0 9.3756927e-01 5.1644245e-03
549.0 9.3145102e-01 5.1475463e-03
550.0 9.2380168e-01 5.1263662e-03
551.0 9.1927158e-01 5.1137815e-03
552.0 9.1496191e-01 5.1017804e-03
553.0 9.1260143e-01 5.0951952e-03
554.0 9.1236530e-01 5.0945359e-03
555.0 9.1882020e-01 5.1125259e-03
556.0 9.2157660e-01 5.1201888e-03
557.0 9.2558351e-01 5.1313077e-03
558.0 9.1709079e-01 5.1077122e-03
559.0 9.2772354e-01 5.1372363e-03
560.0 9.1847654e-01 5.1115697e-03
561.0 9.2172774e-01 5.1206086e-03
562.0 9.2943049e-01 5.1419602e-03
563.0 9.3069973e-01 5.1454700e-03
564.0 9.2803768e-01 5.1381060e-03
565.0 9.3935426e-01 5.1693383e-03
566.0 9.3360857e-01 5.1535046e-03
567.0 9.3131194e-01 5.1471620e-03
568.0 9.3077172e-01 5.1456689e-03
569.0 9.3026635e-01 5.1442718e-03
570.0 9.2151577e-01 5.1200198e-03
571.0 9.2518227e-01 5.1301953e-03
572.0 9.2665556e-01 5.1342785e-03
573.0 9.2454077e-01 5.1284165e-03
574.0 9.1962772e-01 5.1147720e-03
575.0 9.1842702e-01 5.1114319e-03
576.0 9.2352097e-01 5.1255873e-03
577.0 9.1689653e-01 5.1071712e-03
578.0 9.2233000e-01 5.1222812e-03
579.0 9.2540193e-01 5.1308043e-03
580.0 9.2280842e-01 5.1236096e-03
581.0 9.2163281e-01 5.1203449e-03
582.0 9.1837264e-01 5.1112806e-03
583.0 9.2126173e-01 5.1193140e-03
584.0 9.2786082e-01 5.1376163e-03
585.0 9.2857006e-01 5.1395795e-03
586.0 9.2556937e-01 5.1312685e-03
587.0 9.3000111e-01 5.1435384e-03
588.0 9.2723965e-01 5.1358963e-03
589.0 9.2855991e-01 5.1395514e-03
590.0 9.4170036e-01 5.1757897e-03
591.0 9.4413973e-01 5.1824890e-03
592.0 9.4557377e-01 5.1864233e-03
593.0 9.3183183e-01 5.1485984e-03
594.0 9.2996793e-01 5.1434466e-03
595.0 9.2820845e-01 5.1385787e-03
596.0 9.3029440e-01 5.1443494e-03
597.0 9.2867594e-01 5.1398725e-03
598.0 9.2554878e-01 5.1312114e-03
599.0 9.3039841e-01 5.1446369e-03
600.0 9.2881363e-01 5.1402536e-03
601.0 9.3792729e-01 5.1654105e-03
602.0 9.3566211e-01 5.1591692e-03
603.0 9.2955901e-01 5.1423157e-03
604.0 9.3362762e-01 5.1535572e-03
605.0 9.3128717e-01 5.1470935e-03
606.0 9.3398414e-01 5.1545410e-03
607.0 9.3756361e-01 5.1644089e-03
608.0 9.3530625e-01 5.1581880e-03
609.0 9.4152371e-01 5.1753042e-03
610.0 9.4608576e-01 5.1878272e-03
611.0 9.3522484e-01 5.1579635e-03
612.0 9.3680007e-01 5.1623056e-03
613.0 9.2656042e-01 5.1340149e-03
614.0 9.3177883e-01 5.1484520e-03
615.0 9.3210498e-01 5.1493530e-03
616.0 9.3754323e-01 5.1643528e-03
617.0 9.3532907e-01 5.1582510e-03
618.0 9.3576879e-01 5.1594633e-03
619.0 9.3048543e-01 5.1448775e-03
620.0 9.3597313e-01 5.1600266e-03
621.0 9.3563452e-01 5.1590931e-03
622.0 9.3179004e-01 5.1484830e-03
623.0 9.4229789e-01 5.1774315e-03
624.0 9.4076498e-01 5.1732185e-03
625.0 9.2953912e-01 5.1422607e-03
626.0 9.3053325e-01 5.1450097e-03
627.0 9.2693625e-01 5.1350560e-03
628.0 9.2249402e-01 5.1227367e-03
629.0 9.2641005e-01 5.1335983e-03
630.0 9.2647975e-01 5.1337914e-03
631.0 9.4274092e-01 5.1786485e-03
632.0 9.3795447e-01 5.1654853e-03
633.0 9.3242432e-01 5.1502350e-03
634.0 9.3144749e-01 5.1475366e-03
635.0 9.2403830e-01 5.1270227e-03
636.0 9.1993155e-01 5.1156168e-03
637.0 9.1678503e-01 5.1068607e-03
638.0 9.1697446e-01 5.1073882e-03
639.0 9.2621409e-01 5.1330553e-03
640.0 9.2125992e-01 5.1193089e-03
641.0 9.1667798e-01 5.1065625e-03
642.0 9.1982289e-01 5.1153147e-03
643.0 9.2370316e-01 5.1260928e-03
644.0 9.2367551e-01 5.1260161e-03
645.0 9.2917164e-01 5.1412441e-03
646.0 9.3289026e-01 5.1515217e-03
647.0 9.3970396e-01 5.1703004e-03
648.0 9.3747086e-01 5.1641535e-03
649.0 9.3655841e-01 5.1616397e-03
650.0 9.3188131e-01 5.1487351e-03
651.0 9.2996561e-01 5.1434402e-03
652.0 9.3335385e-01 5.1528015e-03
653.0 9.3124603e-01 5.1469799e-03
654.0 9.2917079e-01 5.1412418e-03
655.0 9.3643318e-01 5.1612946e-03
656.0 9.4235637e-01 5.1775921e-03
657.0 9.4188217e-01 5.1762893e-03
658.0 9.4186978e-01 5.1762552e-03
659.0 9.4166203e-01 5.1756843e-03
660.0 9.4410212e-01 5.1823858e-03
661.0 9.4696722e-01 5.1902434e-03
662.0 9.4621903e-01 5.1881926e-03
663.0 9.4736620e-01 5.1913367e-03
664.0 9.5041590e-01 5.1996858e-03
665.0 9.5734780e-01 5.2186134e-03
666.0 9.5891347e-01 5.2228790e-03
667.0 9.5367327e-01 5.2085886e-03
668.0 9.6137647e-01 5.2295822e-03
669.0 9.6393520e-01 5.2365369e-03
670.0 9.6159505e-01 5.2301767e-03
671.0 9.5344535e-01 5.2079662e-03
672.0 9.5052085e-01 5.1999728e-03
673.0 9.5708904e-01 5.2179081e-03
674.0 9.5943001e-01 5.2242855e-03
675.0 9.6388115e-01 5.2363901e-03
676.0 9.7070968e-01 5.2549058e-03
677.0 9.6570559e-01 5.2413435e-03
678.0 9.6255593e-01 5.2327892e-03
679.0 9.5437730e-01 5.2105108e-03
680.0 9.4530517e-01 5.1856866e-03
681.0 9.3592782e-01 5.1599017e-03
682.0 9.3020951e-01 5.1441147e-03
683.0 9.2822859e-01 5.1386344e-03
684.0 9.3548994e-01 5.1586945e-03
685.0 9.3348832e-01 5.1531727e-03
686.0 9.3670816e-01 5.1620523e-03
687.0 9.2614146e-01 5.1328540e-03
688.0 9.2847453e-01 5.1393151e-03
689.0 9.2192781e-01 5.1211643e-03
690.0 9.1128607e-01 5.0915219e-03
691.0 9.1561071e-01 5.1035889e-03
692.0 9.0596986e-01 5.0766489e-03
693.0 9.0464011e-01 5.0729218e-03
694.0 9.0647035e-01 5.0780509e-03
695.0 9.0502954e-01 5.0740136e-03
696.0 9.0646582e-01 5.0780383e-03
697.0 9.0884881e-01 5.0847087e-03
698.0 9.0758205e-01 5.0811639e-03
699.0 9.0337870e-01 5.0693838e-03
700.0 8.9967436e-01 5.0589795e-03
701.0 9.0369834e-01 5.0702806e-03
702.0 9.0534090e-01 5.0748864e-03
703.0 9.0025694e-01 5.0606172e-03
704.0 9.0096268e-01 5.0626004e-03
705.0 9.0339230e-01 5.0694220e-03
706.0 9.0472213e-01 5.0731518e-03
707.0 9.1242438e-01 5.0947009e-03
708.0 9.1986799e-01 5.1154401e-03
709.0 9.2155313e-01 5.1201235e-03
710.0 9.2800098e-01 5.1380044e-03
711.0 9.2804315e-01 5.1381211e-03
712.0 9.1914174e-01 5.1134204e-03
713.0 9.2025308e-01 5.1165108e-03
714.0 9.1833644e-01 5.1111798e-03
715.0 9.1505535e-01 5.1020409e-03
716.0 9.2096721e-01 5.1184956e-03
717.0 9.2989271e-01 5.1432386e-03
718.0 9.3899668e-01 5.1683543e-03
719.0 9.3976999e-01 5.1704821e-03
720.0 9.3605589e-01 5.1602548e-03
721.0 9.3765776e-01 5.1646682e-03
722.0 9.4135080e-01 5.1748290e-03
723.0 9.3364778e-01 5.1536128e-03
724.0 9.2559640e-01 5.1313434e-03
725.0 9.3365980e-01 5.1536460e-03
726.0 9.3872908e-01 5.1676178e-03
727.0 9.4317550e-01 5.1798419e-03
728.0 9.4417465e-01 5.1825848e-03
729.0 9.3714879e-01 5.1632663e-03
730.0 9.3340532e-01 5.1529436e-03
731.0 9.2642519e-01 5.1336402e-03
732.0 9.2932954e-01 5.1416809e-03
733.0 9.2644982e-01 5.1337085e-03
734.0 9.2853969e-01 5.1394955e-03
735.0 9.3390402e-01 5.1543199e-03
736.0 9.3517021e-01 5.1578129e-03
737.0 9.3264012e-01 5.1508310e-03
738.0 9.2862659e-01 5.1397360e-03
739.0 9.2386206e-01 5.1265337e-03
740.0 9.1880200e-01 5.1124752e-03
741.0 9.1833873e-01 5.1111862e-03
742.0 9.2394893e-01 5.1267747e-03
743.0 9.2198970e-01 5.1213362e-03
744.0 9.2460650e-01 5.1285988e-03
745.0 9.2128996e-01 5.1193924e-03
746.0 9.1496452e-01 5.1017877e-03
747.0 9.0816994e-01 5.0828093e-03
748.0 9.0610939e-01 5.0770398e-03
749.0 9.0637549e-01 5.0777852e-03
750.0 9.0827003e-01 5.0830893e-03
751.0 9.0355410e-01 5.0698759e-03
752.0 9.0553196e-01 5.0754218e-03
753.0 9.0820327e-01 5.0829025e-03
754.0 9.0967291e-01 5.0870134e-03
755.0 9.1167761e-01 5.0926156e-03
756.0 9.1956772e-01 5.1146052e-03
757.0 9.1844373e-01 5.1114784e-03
758.0 9.1592977e-01 5.1044780e-03
759.0 9.0880076e-01 5.0845742e-03
760.0 9.1811702e-01 5.1105692e-03
761.0 9.1465921e-01 5.1009364e-03
762.0 9.1080410e-01 5.0901753e-03
763.0 9.1941587e-01 5.1141828e-03
764.0 9.2038797e-01 5.1168857e-03
765.0 9.1955848e-01 5.1145794e-03
766.0 9.1661640e-01 5.1063910e-03
767.0 9.1520886e-01 5.1024688e-03
768.0 9.2189093e-01 5.1210619e-03
769.0 9.2490829e-01 5.1294357e-03
770.0 9.2878017e-01 5.1401610e-03
771.0 9.2209035e-01 5.1216157e-03
772.0 9.2755568e-01 5.1367715e-03
773.0 9.2564288e-01 5.1314722e-03
774.0 9.2615958e-01 5.1329043e-03
775.0 9.3558888e-01 5.1589673e-03
776.0 9.4156299e-01 5.1754122e-03
777.0 9.3690815e-01 5.1626034e-03
778.0 9.3467485e-01 5.1564467e-03
779.0 9.3242567e-01 5.1502388e-03
780.0 9.3905326e-01 5.1685100e-03
781.0 9.3898290e-01 5.1683164e-03
782.0 9.3140766e-01 5.1474265e-03
783.0 9.3435037e-01 5.1555515e-03
784.0 9.3966275e-01 5.1701871e-03
785.0 9.2983479e-01 5.1430784e-03
786.0 9.3367750e-01 5.1536948e-03
787.0 9.3596576e-01 5.1600063e-03
788.0 9.3892206e-01 5.1681490e-03
789.0 9.3214723e-01 5.1494697e-03
790.0 9.3420005e-01 5.1551368e-03
791.0 9.3924598e-01 5.1690404e-03
792.0 9.3926752e-01 5.1690996e-03
793.0 9.3883582e-01 5.1679116e-03
794.0 9.3922399e-01 5.1689799e-03
795.0 9.4702714e-01 5.1904076e-03
796.0 9.4864560e-01 5.1948409e-03
797.0 9.4203494e-01 5.1767091e-03
798.0 9.4481226e-01 5.1843344e-03
799.0 9.5509047e-01 5.2124573e-03
800.0 9.5263401e-01 5.2057498e-03
801.0 9.4562229e-01 5.1865564e-03
802.0 9.4930164e-01 5.1966368e-03
803.0 9.4682266e-01 5.1898472e-03
804.0 9.4543705e-01 5.1860483e-03
805.0 9.4248022e-01 5.1779324e-03
806.0 9.4261525e-01 5.1783033e-03
807.0 9.3765371e-01 5.1646571e-03
808.0 9.4694511e-01 5.1901828e-03
809.0 9.4689661e-01 5.1900499e-03
810.0 9.5263567e-01 5.2057543e-03
811.0 9.5068914e-01 5.2004332e-03
812.0 9.4453790e-01 5.1835817e-03
813.0 9.4708570e-01 5.1905681e-03
814.0 9.4896440e-01 5.1957137e-03
815.0 9.4892306e-01 5.1956005e-03
816.0 9.5646436e-01 5.2162050e-03
817.0 9.5096432e-01 5.2011858e-03
818.0 9.5284331e-01 5.2063217e-03
819.0 9.5143165e-01 5.2024636e-03
820.0 9.4825105e-01 5.1937605e-03
821.0 9.4548918e-01 5.1861913e-03
822.0 9.5010842e-01 5.1988446e-03
823.0 9.4252523e-01 5.1780560e-03
824.0 9.4559505e-01 5.1864817e-03
825.0 9.4927191e-01 5.1965555e-03
826.0 9.4947538e-01 5.1971123e-03
827.0 9.4042970e-01 5.1722966e-03
828.0 9.3440382e-01 5.1556990e-03
829.0 9.3478006e-01 5.1567369e-03
830.0 9.2795316e-01 5.1378720e-03
831.0 9.2353434e-01 5.1256244e-03
832.0 9.1351399e-01 5.0977420e-03
833.0 9.1733798e-01 5.1084005e-03
834.0 9.1853832e-01 5.1117416e-03
835.0 9.2517457e-01 5.1301740e-03
836.0 9.3070199e-01 5.1454762e-03
837.0 9.2526523e-01 5.1304254e-03
838.0 9.1984807e-01 5.1153847e-03
839.0 9.2204790e-01 5.1214978e-03
840.0 9.2248677e-01 5.1227165e-03
841.0 9.1795581e-01 5.1101205e-03
842.0 9.2005836e-01 5.1159694e-03
843.0 9.2071487e-01 5.1177944e-03
844.0 9.2496520e-01 5.1295935e-03
845.0 9.2682108e-01 5.1347370e-03
846.0 9.2329746e-01 5.1249670e-03
847.0 9.1598569e-01 5.1046338e-03
848.0 9.1164935e-01 5.0925367e-03
849.0 9.1729127e-01 5.1082704e-03
850.0 9.1834088e-01 5.1111922e-03
851.0 9.1616863e-01 5.1051436e-03
852.0 9.1877692e-01 5.1124055e-03
853.0 9.2328265e-01 5.1249259e-03
854.0 9.2700121e-01 5.1352359e-03
855.0 9.3130279e-01 5.1471367e-03
856.0 9.2870683e-01 5.1399580e-03
857.0 9.3109151e-01 5.1465528e-03
858.0 9.2677553e-01 5.1346108e-03
859.0 9.3138771e-01 5.1473714e-03
860.0 9.2872987e-01 5.1400218e-03
861.0 9.2492487e-01 5.1294817e-03
862.0 9.2193022e-01 5.1211710e-03
863.0 9.2882673e-01 5.1402898e-03
864.0 9.3219572e-01 5.1496037e-03
865.0 9.3052886e-01 5.1449976e-03
866.0 9.2912344e-01 5.1411108e-03
867.0 9.3263871e-01 5.1508271e-03
868.0 9.3860976e-01 5.1672894e-03
869.0 9.4030388e-01 5.1719506e-03
870.0 9.3831264e-01 5.1664715e-03
871.0 9.4115864e-01 5.1743008e-03
872.0 9.4064462e-01 5.1728876e-03
873.0 9.4634900e-01 5.1885489e-03
874.0 9.5804463e-01 5.2205123e-03
875.0 9.5918495e-01 5.2236182e-03
876.0 9.5764065e-01 5.2194115e-03
877.0 9.5851519e-01 5.2217942e-03
878.0 9.5555689e-01 5.2137299e-03
879.0 9.5500724e-01 5.2122302e-03
880.0 9.5601225e-01 5.2149720e-03
881.0 9.5076564e-01 5.2006424e-03
882.0 9.4587549e-01 5.1872507e-03
883.0 9.5303538e-01 5.2068464e-03
884.0 9.4191556e-01 5.1763810e-03
885.0 9.3612933e-01 5.1604572e-03
886.0 9.4059003e-01 5.1727375e-03
887.0 9.3721381e-01 5.1634454e-03
888.0 9.3800767e-01 5.1656318e-03
889.0 9.3539245e-01 5.1584257e-03
890.0 9.3507733e-01 5.1575568e-03
891.0 9.3185006e-01 5.1486488e-03
892.0 9.2856546e-01 5.1395668e-03
893.0 9.2746255e-01 5.1365136e-03
894.0 9.2923660e-01 5.1414238e-03
895.0 9.2553634e-01 5.1311769e-03
896.0 9.2759530e-01 5.1368812e-03
897.0 9.3123343e-01 5.1469450e-03
898.0 9.3523576e-01 5.1579937e-03
899.0 9.3255321e-01 5.1505910e-03
900.0 9.3203994e-01 5.1491734e-03
901.0 9.2367485e-01 5.1260143e-03
902.0 9.2468162e-01 5.1288071e-03
903.0 9.2771239e-01 5.1372054e-03
904.0 9.2991143e-01 5.1432904e-03
905.0 9.3106924e-01 5.1464913e-03
906.0 9.3776935e-01 5.1649755e-03
907.0 9.4413826e-01 5.1824850e-03
908.0 9.3625476e-01 5.1608029e-03
909.0 9.3414162e-01 5.1549756e-03
910.0 9.3095321e-01 5.1461706e-03
911.0 9.2546425e-01 5.1309771e-03
912.0 9.2302178e-01 5.1242018e-03
913.0 9.3160752e-01 5.1479787e-03
914.0 9.3192896e-01 5.1488668e-03
915.0 9.3053399e-01 5.1450118e-03
916.0 9.3583236e-01 5.1596386e-03
917.0 9.3062893e-01 5.1452742e-03
918.0 9.3377086e-01 5.1539525e-03
919.0 9.4000343e-01 5.1711242e-03
920.0 9.4594264e-01 5.1874348e-03
921.0 9.4360650e-01 5.1810253e-03
922.0 9.5276328e-01 5.2061030e-03
923.0 9.4459657e-01 5.1837427e-03
924.0 9.4412776e-01 5.1824561e-03
925.0 9.4582226e-01 5.1871047e-03
926.0 9.4086535e-01 5.1734945e-03
927.0 9.4137047e-01 5.1748830e-03
928.0 9.3636340e-01 5.1611023e-03
929.0 9.3788033e-01 5.1652812e-03
930.0 9.3656181e-01 5.1616491e-03
931.0 9.4972689e-01 5.1978006e-03
932.0 9.4896568e-01 5.1957172e-03
933.0 9.4821337e-01 5.1936573e-03
934.0 9.4496811e-01 5.1847620e-03
935.0 9.4583088e-01 5.1871284e-03
936.0 9.4292714e-01 5.1791599e-03
937.0 9.3918869e-01 5.1688827e-03
938.0 9.3605051e-01 5.1602399e-03
939.0 9.3311408e-01 5.1521396e-03
940.0 9.4109762e-01 5.1741330e-03
941.0 9.3532732e-01 5.1582461e-03
942.0 9.3952766e-01 5.1698154e-03
943.0 9.3771645e-01 5.1648299e-03
944.0 9.4189309e-01 5.1763193e-03
945.0 9.3705716e-01 5.1630139e-03
946.0 9.3965362e-01 5.1701620e-03
947.0 9.4574164e-01 5.1868837e-03
948.0 9.4079751e-01 5.1733079e-03
949.0 9.4283536e-01 5.1789078e-03
950.0 9.3938883e-01 5.1694334e-03
951.0 9.4908500e-01 5.1960438e-03
952.0 9.5145910e-01 5.2025386e-03
953.0 9.4551811e-01 5.1862707e-03
954.0 9.4647933e-01 5.1889062e-03
955.0 9.4509113e-01 5.1850995e-03
956.0 9.4323920e-01 5.1800168e-03
957.0 9.4815857e-01 5.1935072e-03
958.0 9.4836171e-01 5.1940635e-03
959.0 9.4856148e-01 5.1946105e-03
960.0 9.4321433e-01 5.1799486e-03
961.0 9.4154903e-01 5.1753738e-03
962.0 9.3993061e-01 5.1709239e-03
963.0 9.4460984e-01 5.1837791e-03
964.0 9.3998989e-01 5.1710870e-03
965.0 9.4498899e-01 5.1848193e-03
966.0 9.5012136e-01 5.1988800e-03
967.0 9.4801370e-01 5.1931104e-03
968.0 9.3867471e-01 5.1674682e-03
969.0 9.3720307e-01 5.1634158e-03
970.0 9.3913848e-01 5.1687445e-03
971.0 9.3808698e-01 5.1658502e-03
972.0 9.3822538e-01 5.1662312e-03
973.0 9.4168917e-01 5.1757589e-03
974.0 9.4216796e-01 5.1770745e-03
975.0 9.4622248e-01 5.1882021e-03
976.0 9.4592357e-01 5.1873825e-03
977.0 9.4026881e-01 5.1718541e-03
978.0 9.3980763e-01 5.1705856e-03
979.0 9.3526592e-01 5.1580768e-03
980.0 9.3807001e-01 5.1658035e-03
981.0 9.3653114e-01 5.1615645e-03
982.0 9.3668993e-01 5.1620021e-03
983.0 9.4472290e-01 5.1840893e-03
984.0 9.4304137e-01 5.1794736e-03
985.0 9.4094703e-01 5.1737190e-03
986.0 9.3819495e-01 5.1661474e-03
987.0 9.3160842e-01 5.1479812e-03
988.0 9.2618759e-01 5.1329819e-03
989.0 9.2673628e-01 5.1345021e-03
990.0 9.3050549e-01 5.1449330e-03
991.0 9.3477787e-01 5.1567308e-03
992.0 9.3602811e-01 5.1601782e-03
993.0 9.3475287e-01 5.1566619e-03
994.0 9.3214759e-01 5.1494707e-03
995.0 9.3288052e-01 5.1514948e-03
996.0 9.3647950e-01 5.1614223e-03
997.0 9.3791868e-01 5.1653867e-03
998.0 9.3959582e-01 5.1700029e-03
999.0 9.2818250e-01 5.1385069e-03
1000.0 9.3649822e-01 5.1614738e-03
