1.0 9.5539411e-01 5.0852985e-03
2.0 9.5219572e-01 5.0767793e-03
3.0 9.5449823e-01 5.0829137e-03
4.0 9.5231870e-01 5.0771071e-03
5.0 9.5558152e-01 5.0857973e-03
6.0 9.5623201e-01 5.0875280e-03
7.0 9.5436659e-01 5.0825632e-03
8.0 9.5632290e-01 5.0877698e-03
9.0 9.5647346e-01 5.0881703e-03
10.0 9.5695289e-01 5.0894453e-03
11.0 9.5644260e-01 5.0880882e-03
12.0 9.5677052e-01 5.0889603e-03
13.0 9.5394335e-01 5.0814361e-03
14.0 9.5380076e-01 5.0810563e-03
15.0 9.4956872e-01 5.0697713e-03
16.0 9.4917650e-01 5.0687242e-03
17.0 9.5240009e-01 5.0773241e-03
18.0 9.4863885e-01 5.0672884e-03
19.0 9.4844185e-01 5.0667623e-03
20.0 9.4730815e-01 5.0637331e-03
21.0 9.4728955e-01 5.0636834e-03
22.0 9.4812618e-01 5.0659190e-03
23.0 9.5242335e-01 5.0773861e-03
24.0 9.5804165e-01 5.0923397e-03
25.0 9.5583492e-01 5.0864715e-03
26.0 9.5703301e-01 5.0896583e-03
27.0 9.5441159e-01 5.0826830e-03
28.0 9.5558789e-01 5.0858142e-03
29.0 9.5735476e-01 5.0905138e-03
30.0 9.5601777e-01 5.0869580e-03
31.0 9.5285004e-01 5.0785233e-03
32.0 9.5338666e-01 5.0799532e-03
33.0 9.4547035e-01 5.0588189e-03
34.0 9.4585796e-01 5.0598557e-03
35.0 9.4385919e-01 5.0545067e-03
36.0 9.4567880e-01 5.0593765e-03
37.0 9.4268634e-01 5.0513653e-03
38.0 9.4804232e-01 5.0656950e-03
39.0 9.4727990e-01 5.0636576e-03
40.0 9.5050899e-01 5.0722808e-03
41.0 9.4870883e-01 5.0674753e-03
42.0 9.4683942e-01 5.0624802e-03
43.0 9.4864058e-01 5.0672931e-03
44.0 9.4600161e-01 5.0602399e-03
45.0 9.4637398e-01 5.0612357e-03
46.0 9.4709509e-01 5.0631636e-03
47.0 9.4764989e-01 5.0646464e-03
48.0 9.4787482e-01 5.0652474e-03
49.0 9.4358598e-01 5.0537751e-03
50.0 9.4363729e-01 5.0539125e-03
51.0 9.4878793e-01 5.0676866e-03
52.0 9.4888547e-01 5.0679471e-03
53.0 9.4999848e-01 5.0709185e-03
54.0 9.5294820e-01 5.0787849e-03
55.0 9.4927768e-01 5.0689944e-03
56.0 9.4646052e-01 5.0614672e-03
57.0 9.5139256e-01 5.0746378e-03
58.0 9.5412633e-01 5.0819234e-03
59.0 9.5302035e-01 5.0789771e-03
60.0 9.5553170e-01 5.0856647e-03
61.0 9.5016534e-01 5.0713638e-03
62.0 9.4658556e-01 5.0618015e-03
63.0 9.4646645e-01 5.0614830e-03
64.0 9.4776465e-01 5.0649531e-03
65.0 9.4605010e-01 5.0603696e-03
66.0 9.4758126e-01 5.0644630e-03
67.0 9.4980879e-01 5.0704122e-03
68.0 9.4515157e-01 5.0579660e-03
69.0 9.4830468e-01 5.0663958e-03
70.0 9.5387374e-01 5.0812507e-03
71.0 9.5546227e-01 5.0854799e-03
72.0 9.5653161e-01 5.0883249e-03
73.0 9.5609209e-01 5.0871558e-03
74.0 9.5611203e-01 5.0872088e-03
75.0 9.6178767e-01 5.1022857e-03
76.0 9.6550808e-01 5.1121446e-03
77.0 9.6165662e-01 5.1019381e-03
78.0 9.6424128e-01 5.1087898e-03
79.0 9.6675959e-01 5.1154567e-03
80.0 9.6791550e-01 5.1185140e-03
81.0 9.6801439e-01 5.1187754e-03
82.0 9.6463055e-01 5.1098209e-03
83.0 9.6105419e-01 5.1003398e-03
84.0 9.6241056e-01 5.1039377e-03
85.0 9.6097710e-01 5.1001352e-03
86.0 9.5855426e-01 5.0937019e-03
87.0 9.5978472e-01 5.0969701e-03
88.0 9.5963069e-01 5.0965611e-03
89.0 9.5799397e-01 5.0922130e-03
90.0 9.5621316e-01 5.0874778e-03
91.0 9.5264494e-01 5.0779767e-03
92.0 9.4811175e-01 5.0658804e-03
93.0 9.4510564e-01 5.0578430e-03
94.0 9.4751937e-01 5.0642976e-03
95.0 9.4509173e-01 5.0578058e-03
96.0 9.4765988e-01 5.0646731e-03
97.0 9.4338454e-01 5.0532356e-03
98.0 9.4261869e-01 5.0511841e-03
99.0 9.4430618e-01 5.0557034e-03
100.0 9.4461460e-01 5.0565289e-03
101.0 9.4690935e-01 5.0626671e-03
102.0 9.4788225e-01 5.0652673e-03
103.0 9.4850139e-01 5.0669213e-03
104.0 9.4784678e-01 5.0651725e-03
105.0 9.4658075e-01 5.0617886e-03
106.0 9.4613211e-01 5.0605890e-03
107.0 9.4308714e-01 5.0524391e-03
108.0 9.4815252e-01 5.0659894e-03
109.0 9.5416283e-01 5.0820206e-03
110.0 9.5577719e-01 5.0863179e-03
111.0 9.5941533e-01 5.0959892e-03
112.0 9.6004989e-01 5.0976742e-03
113.0 9.6055557e-01 5.0990165e-03
114.0 9.6156921e-01 5.1017062e-03
115.0 9.5949719e-01 5.0962066e-03
116.0 9.6185556e-01 5.1024658e-03
117.0 9.5746989e-01 5.0908199e-03
118.0 9.5543551e-01 5.0854087e-03
119.0 9.5207904e-01 5.0764682e-03
120.0 9.5050006e-01 5.0722570e-03
121.0 9.4728964e-01 5.0636836e-03
122.0 9.4731072e-01 5.0637400e-03
123.0 9.4515568e-01 5.0579770e-03
124.0 9.4360988e-01 5.0538391e-03
125.0 9.4382037e-01 5.0544027e-03
126.0 9.4453340e-01 5.0563116e-03
127.0 9.4392709e-01 5.0546885e-03
128.0 9.4500308e-01 5.0575686e-03
129.0 9.4262546e-01 5.0512022e-03
130.0 9.4225348e-01 5.0502055e-03
131.0 9.3755828e-01 5.0376073e-03
132.0 9.3775264e-01 5.0381294e-03
133.0 9.4154295e-01 5.0483010e-03
134.0 9.3980523e-01 5.0436402e-03
135.0 9.3618632e-01 5.0339201e-03
136.0 9.3478079e-01 5.0301399e-03
137.0 9.3376932e-01 5.0274177e-03
138.0 9.3585127e-01 5.0330192e-03
139.0 9.3504985e-01 5.0308637e-03
140.0 9.3619031e-01 5.0339308e-03
141.0 9.3697097e-01 5.0360292e-03
142.0 9.3999143e-01 5.0441398e-03
143.0 9.3725684e-01 5.0367974e-03
144.0 9.3700962e-01 5.0361331e-03
145.0 9.3688194e-01 5.0357899e-03
146.0 9.3841353e-01 5.0399045e-03
147.0 9.3785188e-01 5.0383960e-03
148.0 9.4158505e-01 5.0484138e-03
149.0 9.4228298e-01 5.0502845e-03
150.0 9.4521063e-01 5.0581240e-03
151.0 9.4479632e-01 5.0570153e-03
152.0 9.4690421e-01 5.0626534e-03
153.0 9.4578066e-01 5.0596490e-03
154.0 9.4688959e-01 5.0626143e-03
155.0 9.4800880e-01 5.0656054e-03
156.0 9.5252275e-01 5.0776510e-03
157.0 9.5493511e-01 5.0840768e-03
158.0 9.5236582e-01 5.0772327e-03
159.0 9.5241920e-01 5.0773750e-03
160.0 9.5344518e-01 5.0801091e-03
161.0 9.4888647e-01 5.0679497e-03
162.0 9.4601030e-01 5.0602632e-03
163.0 9.4317723e-01 5.0526804e-03
164.0 9.4167318e-01 5.0486501e-03
165.0 9.3947383e-01 5.0427509e-03
166.0 9.3637082e-01 5.0344161e-03
167.0 9.3547387e-01 5.0320043e-03
168.0 9.3862596e-01 5.0404749e-03
169.0 9.3946848e-01 5.0427366e-03
170.0 9.4265505e-01 5.0512815e-03
171.0 9.4372166e-01 5.0541384e-03
172.0 9.4318377e-01 5.0526979e-03
173.0 9.4203383e-01 5.0496168e-03
174.0 9.4279452e-01 5.0516552e-03
175.0 9.4702630e-01 5.0629798e-03
176.0 9.4261593e-01 5.0511767e-03
177.0 9.3898289e-01 5.0414331e-03
178.0 9.3658234e-01 5.0349847e-03
179.0 9.3991634e-01 5.0439384e-03
180.0 9.4551623e-01 5.0589416e-03
181.0 9.4718411e-01 5.0634016e-03
182.0 9.4280086e-01 5.0516721e-03
183.0 9.4800505e-01 5.0655954e-03
184.0 9.5116659e-01 5.0740351e-03
185.0 9.5476694e-01 5.0836291e-03
186.0 9.5387327e-01 5.0812494e-03
187.0 9.5363607e-01 5.0806176e-03
188.0 9.5351535e-01 5.0802960e-03
189.0 9.5248630e-01 5.0775539e-03
190.0 9.5351078e-01 5.0802838e-03
191.0 9.5214034e-01 5.0766317e-03
192.0 9.4968363e-01 5.0700781e-03
193.0 9.5143444e-01 5.0747495e-03
194.0 9.5565785e-01 5.0860004e-03
195.0 9.5438935e-01 5.0826238e-03
196.0 9.5263926e-01 5.0779616e-03
197.0 9.5308049e-01 5.0791374e-03
198.0 9.5230161e-01 5.0770616e-03
199.0 9.5288647e-01 5.0786204e-03
200.0 9.5415420e-01 5.0819976e-03
201.0 9.5447834e-01 5.0828607e-03
202.0 9.5576020e-01 5.0862727e-03
203.0 9.6154341e-01 5.1016378e-03
204.0 9.6223872e-01 5.1034820e-03
205.0 9.6234195e-01 5.1037557e-03
206.0 9.6183201e-01 5.1024033e-03
207.0 9.6038841e-01 5.0985728e-03
208.0 9.5692249e-01 5.0893645e-03
209.0 9.5454087e-01 5.0830272e-03
210.0 9.5406803e-01 5.0817681e-03
211.0 9.5890043e-01 5.0946216e-03
212.0 9.5742010e-01 5.0906875e-03
213.0 9.5689754e-01 5.0892981e-03
214.0 9.5241039e-01 5.0773515e-03
215.0 9.5636315e-01 5.0878768e-03
216.0 9.5671255e-01 5.0888061e-03
217.0 9.5271019e-01 5.0781506e-03
218.0 9.5173594e-01 5.0755535e-03
219.0 9.4874845e-01 5.0675811e-03
220.0 9.5270445e-01 5.0781353e-03
221.0 9.5089951e-01 5.0733227e-03
222.0 9.4999597e-01 5.0709118e-03
223.0 9.5046219e-01 5.0721559e-03
224.0 9.5201942e-01 5.0763093e-03
225.0 9.5312395e-01 5.0792532e-03
226.0 9.5509512e-01 5.0845027e-03
227.0 9.5385784e-01 5.0812083e-03
228.0 9.5734361e-01 5.0904842e-03
229.0 9.5522553e-01 5.0848498e-03
230.0 9.5516151e-01 5.0846794e-03
231.0 9.5407981e-01 5.0817995e-03
232.0 9.5635873e-01 5.0878651e-03
233.0 9.6383650e-01 5.1077174e-03
234.0 9.6444539e-01 5.1093305e-03
235.0 9.6196644e-01 5.1027599e-03
236.0 9.5961864e-01 5.0965291e-03
237.0 9.5861455e-01 5.0938621e-03
238.0 9.5941337e-01 5.0959840e-03
239.0 9.5735354e-01 5.0905106e-03
240.0 9.5573893e-01 5.0862161e-03
241.0 9.5267950e-01 5.0780688e-03
242.0 9.4632093e-01 5.0610939e-03
243.0 9.4831414e-01 5.0664211e-03
244.0 9.4668271e-01 5.0620612e-03
245.0 9.4846568e-01 5.0668259e-03
246.0 9.5320887e-01 5.0794795e-03
247.0 9.5328427e-01 5.0796804e-03
248.0 9.5595496e-01 5.0867909e-03
249.0 9.5433186e-01 5.0824707e-03
250.0 9.5399040e-01 5.0815614e-03
251.0 9.5393209e-01 5.0814061e-03
252.0 9.5273602e-01 5.0782195e-03
253.0 9.5356580e-01 5.0804304e-03
254.0 9.5605051e-01 5.0870451e-03
255.0 9.5426353e-01 5.0822888e-03
256.0 9.5976308e-01 5.0969127e-03
257.0 9.5822136e-01 5.0928173e-03
258.0 9.5996990e-01 5.0974618e-03
259.0 9.5851509e-01 5.0935978e-03
260.0 9.5372693e-01 5.0808596e-03
261.0 9.5672741e-01 5.0888457e-03
262.0 9.5913240e-01 5.0952377e-03
263.0 9.6093971e-01 5.1000360e-03
264.0 9.6353194e-01 5.1069103e-03
265.0 9.6755684e-01 5.1175656e-03
266.0 9.6783864e-01 5.1183107e-03
267.0 9.6548969e-01 5.1120959e-03
268.0 9.6493987e-01 5.1106401e-03
269.0 9.6755152e-01 5.1175515e-03
270.0 9.6786450e-01 5.1183791e-03
271.0 9.6937526e-01 5.1223723e-03
272.0 9.7280780e-01 5.1314334e-03
273.0 9.6890155e-01 5.1211205e-03
274.0 9.6866037e-01 5.1204831e-03
275.0 9.6946916e-01 5.1226203e-03
276.0 9.7043826e-01 5.1251800e-03
277.0 9.6904685e-01 5.1215045e-03
278.0 9.6936780e-01 5.1223526e-03
279.0 9.6912409e-01 5.1217086e-03
280.0 9.6999593e-01 5.1240119e-03
281.0 9.6850877e-01 5.1200824e-03
282.0 9.6927521e-01 5.1221079e-03
283.0 9.7078075e-01 5.1260844e-03
284.0 9.7286526e-01 5.1315849e-03
285.0 9.7127035e-01 5.1273768e-03
286.0 9.7005660e-01 5.1241721e-03
287.0 9.6942991e-01 5.1225167e-03
288.0 9.7177150e-01 5.1286995e-03
289.0 9.6969307e-01 5.1232119e-03
290.0 9.6663587e-01 5.1151294e-03
291.0 9.6384297e-01 5.1077345e-03
292.0 9.6498733e-01 5.1107658e-03
293.0 9.6640314e-01 5.1145136e-03
294.0 9.6817616e-01 5.1192032e-03
295.0 9.5945742e-01 5.0961010e-03
296.0 9.5571655e-01 5.0861566e-03
297.0 9.5559206e-01 5.0858253e-03
298.0 9.6014094e-01 5.0979159e-03
299.0 9.6337640e-01 5.1064981e-03
300.0 9.6703434e-01 5.1161836e-03
301.0 9.6660711e-01 5.1150533e-03
302.0 9.6863356e-01 5.1204123e-03
303.0 9.6643001e-01 5.1145847e-03
304.0 9.7167983e-01 5.1284576e-03
305.0 9.6987249e-01 5.1236858e-03
306.0 9.6973036e-01 5.1233104e-03
307.0 9.6993253e-01 5.1238444e-03
308.0 9.6830710e-01 5.1195493e-03
309.0 9.6434013e-01 5.1090516e-03
310.0 9.6745598e-01 5.1172988e-03
311.0 9.6376971e-01 5.1075404e-03
312.0 9.6417559e-01 5.1086157e-03
313.0 9.6534277e-01 5.1117069e-03
314.0 9.6536969e-01 5.1117782e-03
315.0 9.6384769e-01 5.1077470e-03
316.0 9.6378070e-01 5.1075695e-03
317.0 9.6532038e-01 5.1116476e-03
318.0 9.6348241e-01 5.1067790e-03
319.0 9.6436829e-01 5.1091262e-03
320.0 9.6599273e-01 5.1134275e-03
321.0 9.6697905e-01 5.1160373e-03
322.0 9.6629273e-01 5.1142214e-03
323.0 9.6701786e-01 5.1161400e-03
324.0 9.6943069e-01 5.1225187e-03
325.0 9.6618351e-01 5.1139324e-03
326.0 9.6549104e-01 5.1120995e-03
327.0 9.6601919e-01 5.1134975e-03
328.0 9.6389325e-01 5.1078677e-03
329.0 9.6473470e-01 5.1100967e-03
330.0 9.6863034e-01 5.1204037e-03
331.0 9.6792109e-01 5.1185288e-03
332.0 9.6744816e-01 5.1172781e-03
333.0 9.7065407e-01 5.1257499e-03
334.0 9.7365346e-01 5.1336633e-03
335.0 9.7179223e-01 5.1287542e-03
336.0 9.7054974e-01 5.1254744e-03
337.0 9.6769759e-01 5.1179378e-03
338.0 9.6418516e-01 5.1086411e-03
339.0 9.6506947e-01 5.1109833e-03
340.0 9.6002411e-01 5.0976057e-03
341.0 9.5849337e-01 5.0935401e-03
342.0 9.6315597e-01 5.1059138e-03
343.0 9.6343407e-01 5.1066509e-03
344.0 9.6218388e-01 5.1033366e-03
345.0 9.6166485e-01 5.1019599e-03
346.0 9.5846321e-01 5.0934599e-03
347.0 9.5310502e-01 5.0792028e-03
348.0 9.5611948e-01 5.0872286e-03
349.0 9.5728701e-01 5.0903337e-03
350.0 9.5709471e-01 5.0898224e-03
351.0 9.5357254e-01 5.0804483e-03
352.0 9.5285477e-01 5.0785359e-03
353.0 9.5456455e-01 5.0830903e-03
354.0 9.5657958e-01 5.0884525e-03
355.0 9.5560796e-01 5.0858676e-03
356.0 9.5665457e-01 5.0886520e-03
357.0 9.5553717e-01 5.0856792e-03
358.0 9.5448364e-01 5.0828748e-03
359.0 9.5198520e-01 5.0762181e-03
360.0 9.5243257e-01 5.0774107e-03
361.0 9.5792906e-01 5.0920405e-03
362.0 9.5692759e-01 5.0893780e-03
363.0 9.5595489e-01 5.0867907e-03
364.0 9.5621308e-01 5.0874776e-03
365.0 9.5679503e-01 5.0890255e-03
366.0 9.5407458e-01 5.0817856e-03
367.0 9.5363555e-01 5.0806162e-03
368.0 9.5782776e-01 5.0917712e-03
369.0 9.6354317e-01 5.1069400e-03
370.0 9.6650796e-01 5.1147910e-03
371.0 9.6614400e-01 5.1138278e-03
372.0 9.6967789e-01 5.1231718e-03
373.0 9.6828136e-01 5.1194813e-03
374.0 9.6677037e-01 5.1154853e-03
375.0 9.6724690e-01 5.1167458e-03
376.0 9.6587512e-01 5.1131162e-03
377.0 9.6715875e-01 5.1165127e-03
378.0 9.6855202e-01 5.1201967e-03
379.0 9.6550575e-01 5.1121384e-03
380.0 9.6404473e-01 5.1082691e-03
381.0 9.6163298e-01 5.1018754e-03
382.0 9.6158901e-01 5.1017587e-03
383.0 9.6302091e-01 5.1055558e-03
384.0 9.6330884e-01 5.1063190e-03
385.0 9.6235031e-01 5.1037779e-03
386.0 9.6266069e-01 5.1046009e-03
387.0 9.6191749e-01 5.1026300e-03
388.0 9.5771961e-01 5.0914838e-03
389.0 9.5843842e-01 5.0933941e-03
390.0 9.5747694e-01 5.0908387e-03
391.0 9.5259052e-01 5.0778317e-03
392.0 9.5083595e-01 5.0731531e-03
393.0 9.5113569e-01 5.0739527e-03
394.0 9.5074120e-01 5.0729003e-03
395.0 9.5206445e-01 5.0764293e-03
396.0 9.4858318e-01 5.0671397e-03
397.0 9.4737875e-01 5.0639218e-03
398.0 9.5432583e-01 5.0824546e-03
399.0 9.5955189e-01 5.0963519e-03
400.0 9.5987288e-01 5.0972042e-03
401.0 9.5940586e-01 5.0959641e-03
402.0 9.6054795e-01 5.0989963e-03
403.0 9.6229507e-01 5.1036314e-03
404.0 9.6106074e-01 5.1003572e-03
405.0 9.6235447e-01 5.1037889e-03
406.0 9.6156186e-01 5.1016867e-03
407.0 9.6128216e-01 5.1009447e-03
408.0 9.6247531e-01 5.1041094e-03
409.0 9.6624120e-01 5.1140851e-03
410.0 9.6637050e-01 5.1144272e-03
411.0 9.6716122e-01 5.1165192e-03
412.0 9.6736599e-01 5.1170608e-03
413.0 9.6845734e-01 5.1199465e-03
414.0 9.7055463e-01 5.1254873e-03
415.0 9.6515993e-01 5.1112228e-03
416.0 9.6511182e-01 5.1110954e-03
417.0 9.6501505e-01 5.1108392e-03
418.0 9.6779363e-01 5.1181917e-03
419.0 9.6840773e-01 5.1198153e-03
420.0 9.6330100e-01 5.1062983e-03
421.0 9.6327542e-01 5.1062304e-03
422.0 9.5934987e-01 5.0958153e-03
423.0 9.5937438e-01 5.0958804e-03
424.0 9.6013363e-01 5.0978965e-03
425.0 9.5783021e-01 5.0917777e-03
426.0 9.5537093e-01 5.0852368e-03
427.0 9.6006547e-01 5.0977155e-03
428.0 9.5838015e-01 5.0932392e-03
429.0 9.5954613e-01 5.0963366e-03
430.0 9.5847907e-01 5.0935021e-03
431.0 9.5673774e-01 5.0888731e-03
432.0 9.5406585e-01 5.0817623e-03
433.0 9.5477219e-01 5.0836431e-03
434.0 9.5670665e-01 5.0887905e-03
435.0 9.6131177e-01 5.1010232e-03
436.0 9.6334041e-01 5.1064027e-03
437.0 9.6369362e-01 5.1073388e-03
438.0 9.6879940e-01 5.1208506e-03
439.0 9.6975422e-01 5.1233734e-03
440.0 9.7295478e-01 5.1318210e-03
441.0 9.7009738e-01 5.1242798e-03
442.0 9.7174042e-01 5.1286175e-03
443.0 9.6987715e-01 5.1236981e-03
444.0 9.6767078e-01 5.1178669e-03
445.0 9.6746172e-01 5.1173140e-03
446.0 9.6301266e-01 5.1055340e-03
447.0 9.5951258e-01 5.0962475e-03
448.0 9.5357773e-01 5.0804622e-03
449.0 9.5146101e-01 5.0748203e-03
450.0 9.5440262e-01 5.0826591e-03
451.0 9.5624277e-01 5.0875566e-03
452.0 9.5704288e-01 5.0896846e-03
453.0 9.6080263e-01 5.0996722e-03
454.0 9.6846902e-01 5.1199773e-03
455.0 9.6793794e-01 5.1185733e-03
456.0 9.6659857e-01 5.1150307e-03
457.0 9.6716703e-01 5.1165346e-03
458.0 9.6921847e-01 5.1219580e-03
459.0 9.6723801e-01 5.1167223e-03
460.0 9.6566224e-01 5.1125527e-03
461.0 9.6351072e-01 5.1068541e-03
462.0 9.6397444e-01 5.1080828e-03
463.0 9.6197799e-01 5.1027905e-03
464.0 9.5854340e-01 5.0936730e-03
465.0 9.5645805e-01 5.0881293e-03
466.0 9.5893861e-01 5.0947230e-03
467.0 9.5842509e-01 5.0933586e-03
468.0 9.6291712e-01 5.1052807e-03
469.0 9.6660710e-01 5.1150533e-03
470.0 9.6511555e-01 5.1111053e-03
471.0 9.5830141e-01 5.0930300e-03
472.0 9.6142251e-01 5.1013170e-03
473.0 9.6133986e-01 5.1010978e-03
474.0 9.6525778e-01 5.1114819e-03
475.0 9.6747953e-01 5.1173611e-03
476.0 9.6461848e-01 5.1097889e-03
477.0 9.6616840e-01 5.1138924e-03
478.0 9.6718796e-01 5.1165899e-03
479.0 9.6498633e-01 5.1107631e-03
480.0 9.6600403e-01 5.1134574e-03
481.0 9.6390068e-01 5.1078874e-03
482.0 9.6355809e-01 5.1069796e-03
483.0 9.6355000e-01 5.1069582e-03
484.0 9.6193407e-01 5.1026740e-03
485.0 9.6306536e-01 5.1056737e-03
486.0 9.6467191e-01 5.1099304e-03
487.0 9.6396609e-01 5.1080607e-03
488.0 9.6442123e-01 5.1092665e-03
489.0 9.6138980e-01 5.1012303e-03
490.0 9.6187346e-01 5.1025133e-03
491.0 9.6251769e-01 5.1042217e-03
492.0 9.6385232e-01 5.1077593e-03
493.0 9.6799002e-01 5.1187110e-03
494.0 9.6709972e-01 5.1163565e-03
495.0 9.6738259e-01 5.1171047e-03
496.0 9.6940419e-01 5.1224487e-03
497.0 9.6841643e-01 5.1198383e-03
498.0 9.7042730e-01 5.1251511e-03
499.0 9.6972854e-01 5.1233056e-03
500.0 9.6505724e-01 5.1109509e-03
501.0 9.6408689e-01 5.1083808e-03
502.0 9.6408871e-01 5.1083856e-03
503.0 9.6475281e-01 5.1101447e-03
504.0 9.6696434e-01 5.1159984e-03
505.0 9.6995213e-01 5.1238962e-03
506.0 9.6792488e-01 5.1185388e-03
507.0 9.6846229e-01 5.1199595e-03
508.0 9.6623711e-01 5.1140743e-03
509.0 9.7187946e-01 5.1289843e-03
510.0 9.7463894e-01 5.1362606e-03
511.0 9.7253459e-01 5.1307128e-03
512.0 9.7305591e-01 5.1320877e-03
513.0 9.7495445e-01 5.1370919e-03
514.0 9.7285455e-01 5.1315567e-03
515.0 9.7137789e-01 5.1276607e-03
516.0 9.7087600e-01 5.1263358e-03
517.0 9.7068449e-01 5.1258302e-03
518.0 9.6974937e-01 5.1233606e-03
519.0 9.6941097e-01 5.1224666e-03
520.0 9.7005131e-01 5.1241581e-03
521.0 9.7134902e-01 5.1275845e-03
522.0 9.6865555e-01 5.1204704e-03
523.0 9.7086046e-01 5.1262948e-03
524.0 9.7125523e-01 5.1273369e-03
525.0 9.7227162e-01 5.1300190e-03
526.0 9.7105349e-01 5.1268044e-03
527.0 9.6972317e-01 5.1232914e-03
528.0 9.6817411e-01 5.1191977e-03
529.0 9.6883903e-01 5.1209553e-03
530.0 9.6951755e-01 5.1227482e-03
531.0 9.7329059e-01 5.1327065e-03
532.0 9.7374195e-01 5.1338965e-03
533.0 9.7896175e-01 5.1476384e-03
534.0 9.7822474e-01 5.1457004e-03
535.0 9.7974286e-01 5.1496917e-03
536.0 9.7674658e-01 5.1418112e-03
537.0 9.7775226e-01 5.1444575e-03
538.0 9.7504950e-01 5.1373423e-03
539.0 9.7506872e-01 5.1373929e-03
540.0 9.7359129e-01 5.1334994e-03
541.0 9.7194976e-01 5.1291698e-03
542.0 9.7417312e-01 5.1350330e-03
543.0 9.7657384e-01 5.1413565e-03
544.0 9.7754671e-01 5.1439168e-03
545.0 9.8067198e-01 5.1521329e-03
546.0 9.8304906e-01 5.1583733e-03
547.0 9.8476287e-01 5.1628678e-03
548.0 9.8245195e-01 5.1568064e-03
549.0 9.8360952e-01 5.1598435e-03
550.0 9.8707268e-01 5.1689191e-03
551.0 9.8951124e-01 5.1753001e-03
552.0 9.8801042e-01 5.1713738e-03
553.0 9.8887614e-01 5.1736390e-03
554.0 9.8829112e-01 5.1721084e-03
555.0 9.9241830e-01 5.1828967e-03
556.0 9.9185304e-01 5.1814205e-03
557.0 9.9106971e-01 5.1793740e-03
558.0 9.8894889e-01 5.1738293e-03
559.0 9.8919513e-01 5.1744734e-03
560.0 9.8761490e-01 5.1703386e-03
561.0 9.8701016e-01 5.1687554e-03
562.0 9.8988855e-01 5.1762867e-03
563.0 9.8830722e-01 5.1721505e-03
564.0 9.8664592e-01 5.1678016e-03
565.0 9.8188990e-01 5.1553312e-03
566.0 9.8353417e-01 5.1596459e-03
567.0 9.8232957e-01 5.1564853e-03
568.0 9.7907543e-01 5.1479373e-03
569.0 9.7836812e-01 5.1460774e-03
570.0 9.7788347e-01 5.1448027e-03
571.0 9.7647745e-01 5.1411027e-03
572.0 9.7753508e-01 5.1438861e-03
573.0 9.7807970e-01 5.1453189e-03
574.0 9.7934397e-01 5.1486432e-03
575.0 9.8125039e-01 5.1536520e-03
576.0 9.7937426e-01 5.1487229e-03
577.0 9.8292299e-01 5.1580425e-03
578.0 9.8209352e-01 5.1558657e-03
579.0 9.8218344e-01 5.1561017e-03
580.0 9.8021175e-01 5.1509238e-03
581.0 9.8185800e-01 5.1552474e-03
582.0 9.7677461e-01 5.1418849e-03
583.0 9.7679307e-01 5.1419335e-03
584.0 9.7798242e-01 5.1450630e-03
585.0 9.7798894e-01 5.1450801e-03
586.0 9.7988247e-01 5.1500585e-03
587.0 9.7807294e-01 5.1453011e-03
588.0 9.7996647e-01 5.1502793e-03
589.0 9.8096779e-01 5.1529099e-03
590.0 9.8243606e-01 5.1567647e-03
591.0 9.8339082e-01 5.1592699e-03
592.0 9.8494997e-01 5.1633582e-03
593.0 9.7923809e-01 5.1483649e-03
594.0 9.8307127e-01 5.1584316e-03
595.0 9.8016474e-01 5.1508003e-03
596.0 9.8276936e-01 5.1576394e-03
597.0 9.8186801e-01 5.1552737e-03
598.0 9.8355684e-01 5.1597054e-03
599.0 9.8519375e-01 5.1639972e-03
600.0 9.8428779e-01 5.1616223e-03
601.0 9.8454968e-01 5.1623089e-03
602.0 9.7749987e-01 5.1437935e-03
603.0 9.7560423e-01 5.1388035e-03
604.0 9.7385408e-01 5.1341921e-03
605.0 9.7595719e-01 5.1397330e-03
606.0 9.7455959e-01 5.1360515e-03
607.0 9.7197178e-01 5.1292280e-03
608.0 9.7544276e-01 5.1383782e-03
609.0 9.7570904e-01 5.1390795e-03
610.0 9.8154137e-01 5.1544161e-03
611.0 9.8588303e-01 5.1658033e-03
612.0 9.8417644e-01 5.1613303e-03
613.0 9.7698544e-01 5.1424398e-03
614.0 9.7671122e-01 5.1417181e-03
615.0 9.7829806e-01 5.1458932e-03
616.0 9.8265905e-01 5.1573500e-03
617.0 9.8514908e-01 5.1638801e-03
618.0 9.8106097e-01 5.1531546e-03
619.0 9.8450559e-01 5.1621933e-03
620.0 9.8839987e-01 5.1723930e-03
621.0 9.8932433e-01 5.1748113e-03
622.0 9.8963909e-01 5.1756344e-03
623.0 9.8591137e-01 5.1658776e-03
624.0 9.9071051e-01 5.1784353e-03
625.0 9.8434948e-01 5.1617840e-03
626.0 9.8229217e-01 5.1563871e-03
627.0 9.8523401e-01 5.1641027e-03
628.0 9.8574649e-01 5.1654456e-03
629.0 9.8701130e-01 5.1687584e-03
630.0 9.8783736e-01 5.1709209e-03
631.0 9.9058749e-01 5.1781138e-03
632.0 9.9028856e-01 5.1773325e-03
633.0 9.8688006e-01 5.1684148e-03
634.0 9.8625202e-01 5.1667700e-03
635.0 9.8619999e-01 5.1666337e-03
636.0 9.8181476e-01 5.1551339e-03
637.0 9.8148568e-01 5.1542699e-03
638.0 9.8139041e-01 5.1540197e-03
639.0 9.8082622e-01 5.1525380e-03
640.0 9.7977875e-01 5.1497860e-03
641.0 9.7487891e-01 5.1368929e-03
642.0 9.7564216e-01 5.1389034e-03
643.0 9.7522945e-01 5.1378163e-03
644.0 9.7671963e-01 5.1417402e-03
645.0 9.7519092e-01 5.1377149e-03
646.0 9.7315507e-01 5.1323492e-03
647.0 9.7377558e-01 5.1339852e-03
648.0 9.7527520e-01 5.1379369e-03
649.0 9.7533608e-01 5.1380972e-03
650.0 9.7430310e-01 5.1353756e-03
651.0 9.7917320e-01 5.1481943e-03
652.0 9.7473222e-01 5.1365064e-03
653.0 9.7773227e-01 5.1444049e-03
654.0 9.7791138e-01 5.1448761e-03
655.0 9.7502907e-01 5.1372885e-03
656.0 9.7896359e-01 5.1476433e-03
657.0 9.7869947e-01 5.1469488e-03
658.0 9.7665523e-01 5.1415707e-03
659.0 9.7140647e-01 5.1277361e-03
660.0 9.7229825e-01 5.1300893e-03
661.0 9.7397283e-01 5.1345051e-03
662.0 9.7326086e-01 5.1326281e-03
663.0 9.7087124e-01 5.1263233e-03
664.0 9.7135817e-01 5.1276086e-03
665.0 9.7024403e-01 5.1246671e-03
666.0 9.7024159e-01 5.1246607e-03
667.0 9.7121076e-01 5.1272196e-03
668.0 9.7272440e-01 5.1312134e-03
669.0 9.7435987e-01 5.1355252e-03
670.0 9.7356837e-01 5.1334389e-03
671.0 9.7468045e-01 5.1363700e-03
672.0 9.7132310e-01 5.1275161e-03
673.0 9.7003200e-01 5.1241072e-03
674.0 9.6865128e-01 5.1204591e-03
675.0 9.6808836e-01 5.1189710e-03
676.0 9.6501262e-01 5.1108327e-03
677.0 9.6568594e-01 5.1126154e-03
678.0 9.6510037e-01 5.1110651e-03
679.0 9.6309650e-01 5.1057562e-03
680.0 9.6634775e-01 5.1143670e-03
681.0 9.6838862e-01 5.1197648e-03
682.0 9.6826924e-01 5.1194492e-03
683.0 9.6474823e-01 5.1101326e-03
684.0 9.6309771e-01 5.1057594e-03
685.0 9.6520156e-01 5.1113330e-03
686.0 9.7021091e-01 5.1245797e-03
687.0 9.6627658e-01 5.1141787e-03
688.0 9.6238385e-01 5.1038668e-03
689.0 9.6051250e-01 5.0989022e-03
690.0 9.5185019e-01 5.0758581e-03
691.0 9.5229198e-01 5.0770359e-03
692.0 9.5609677e-01 5.0871682e-03
693.0 9.5383098e-01 5.0811368e-03
694.0 9.5493474e-01 5.0840758e-03
695.0 9.5144290e-01 5.0747720e-03
696.0 9.5292188e-01 5.0787148e-03
697.0 9.5182050e-01 5.0757789e-03
698.0 9.4662607e-01 5.0619098e-03
699.0 9.4500540e-01 5.0575748e-03
700.0 9.4802495e-01 5.0656485e-03
701.0 9.4598351e-01 5.0601915e-03
702.0 9.4755755e-01 5.0643997e-03
703.0 9.4705706e-01 5.0630620e-03
704.0 9.5038964e-01 5.0719623e-03
705.0 9.5167251e-01 5.0753843e-03
706.0 9.5427527e-01 5.0823200e-03
707.0 9.5160671e-01 5.0752089e-03
708.0 9.5294880e-01 5.0787865e-03
709.0 9.5321810e-01 5.0795041e-03
710.0 9.5558495e-01 5.0858064e-03
711.0 9.5795442e-01 5.0921079e-03
712.0 9.5704276e-01 5.0896843e-03
713.0 9.5965932e-01 5.0966371e-03
714.0 9.5744541e-01 5.0907548e-03
715.0 9.5643386e-01 5.0880649e-03
716.0 9.4705167e-01 5.0630476e-03
717.0 9.4547711e-01 5.0588369e-03
718.0 9.4796253e-01 5.0654818e-03
719.0 9.5041532e-01 5.0720308e-03
720.0 9.4804641e-01 5.0657059e-03
721.0 9.4898539e-01 5.0682139e-03
722.0 9.4952612e-01 5.0696576e-03
723.0 9.5075272e-01 5.0729311e-03
724.0 9.5455665e-01 5.0830692e-03
725.0 9.5589576e-01 5.0866334e-03
726.0 9.5959623e-01 5.0964696e-03
727.0 9.6126520e-01 5.1008997e-03
728.0 9.5587901e-01 5.0865888e-03
729.0 9.5609724e-01 5.0871694e-03
730.0 9.5774937e-01 5.0915629e-03
731.0 9.5563680e-01 5.0859444e-03
732.0 9.5605964e-01 5.0870694e-03
733.0 9.5597799e-01 5.0868522e-03
734.0 9.5526077e-01 5.0849436e-03
735.0 9.5477720e-01 5.0836564e-03
736.0 9.5466494e-01 5.0833576e-03
737.0 9.5776393e-01 5.0916016e-03
738.0 9.5835237e-01 5.0931654e-03
739.0 9.5995700e-01 5.0974276e-03
740.0 9.5881931e-01 5.0944061e-03
741.0 9.5933757e-01 5.0957827e-03
742.0 9.6328643e-01 5.1062596e-03
743.0 9.6212088e-01 5.1031695e-03
744.0 9.6557618e-01 5.1123249e-03
745.0 9.6372241e-01 5.1074150e-03
746.0 9.6314694e-01 5.1058899e-03
747.0 9.6540809e-01 5.1118799e-03
748.0 9.6731458e-01 5.1169249e-03
749.0 9.6215757e-01 5.1032668e-03
750.0 9.5749861e-01 5.0908963e-03
751.0 9.5334836e-01 5.0798511e-03
752.0 9.5330760e-01 5.0797425e-03
753.0 9.4837135e-01 5.0665739e-03
754.0 9.4999027e-01 5.0708966e-03
755.0 9.5528988e-01 5.0850211e-03
756.0 9.5568522e-01 5.0860732e-03
757.0 9.6074114e-01 5.0995090e-03
758.0 9.6065293e-01 5.0992749e-03
759.0 9.6025558e-01 5.0982202e-03
760.0 9.6202148e-01 5.1029059e-03
761.0 9.5887278e-01 5.0945481e-03
762.0 9.6088054e-01 5.0998790e-03
763.0 9.5777301e-01 5.0916257e-03
764.0 9.6159421e-01 5.1017725e-03
765.0 9.5849067e-01 5.0935329e-03
766.0 9.6233926e-01 5.1037486e-03
767.0 9.6312020e-01 5.1058190e-03
768.0 9.6507726e-01 5.1110039e-03
769.0 9.6574761e-01 5.1127787e-03
770.0 9.6830118e-01 5.1195336e-03
771.0 9.6557168e-01 5.1123129e-03
772.0 9.6500893e-01 5.1108230e-03
773.0 9.6284290e-01 5.1050839e-03
774.0 9.5772223e-01 5.0914907e-03
775.0 9.5827356e-01 5.0929560e-03
776.0 9.6297131e-01 5.1054244e-03
777.0 9.6394024e-01 5.1079922e-03
778.0 9.6224155e-01 5.1034895e-03
779.0 9.5731718e-01 5.0904139e-03
780.0 9.6096943e-01 5.1001149e-03
781.0 9.5748343e-01 5.0908559e-03
782.0 9.5790296e-01 5.0919711e-03
783.0 9.5721572e-01 5.0901442e-03
784.0 9.5142711e-01 5.0747299e-03
785.0 9.5133895e-01 5.0744948e-03
786.0 9.5095428e-01 5.0734688e-03
787.0 9.4265412e-01 5.0512790e-03
788.0 9.4388209e-01 5.0545680e-03
789.0 9.4729293e-01 5.0636925e-03
790.0 9.4443766e-01 5.0560553e-03
791.0 9.4819575e-01 5.0661048e-03
792.0 9.4825227e-01 5.0662558e-03
793.0 9.4797084e-01 5.0655040e-03
794.0 9.4064394e-01 5.0458903e-03
795.0 9.4050787e-01 5.0455253e-03
796.0 9.4375350e-01 5.0542237e-03
797.0 9.4329114e-01 5.0529855e-03
798.0 9.4311835e-01 5.0525226e-03
799.0 9.4348979e-01 5.0535175e-03
800.0 9.4370614e-01 5.0540969e-03
801.0 9.4549233e-01 5.0588777e-03
802.0 9.4733350e-01 5.0638009e-03
803.0 9.4651535e-01 5.0616138e-03
804.0 9.4756884e-01 5.0644298e-03
805.0 9.4968152e-01 5.0700725e-03
806.0 9.5510216e-01 5.0845215e-03
807.0 9.5606395e-01 5.0870809e-03
808.0 9.5253639e-01 5.0776874e-03
809.0 9.4787964e-01 5.0652603e-03
810.0 9.4824846e-01 5.0662457e-03
811.0 9.4792044e-01 5.0653693e-03
812.0 9.4843118e-01 5.0667338e-03
813.0 9.4942359e-01 5.0693839e-03
814.0 9.5086284e-01 5.0732248e-03
815.0 9.5221656e-01 5.0768349e-03
816.0 9.5042741e-01 5.0720631e-03
817.0 9.4935206e-01 5.0691929e-03
818.0 9.4911507e-01 5.0685602e-03
819.0 9.4835249e-01 5.0665236e-03
820.0 9.4765965e-01 5.0646725e-03
821.0 9.5059677e-01 5.0725150e-03
822.0 9.5093380e-01 5.0734141e-03
823.0 9.4695055e-01 5.0627773e-03
824.0 9.4948652e-01 5.0695519e-03
825.0 9.5433991e-01 5.0824921e-03
826.0 9.5724856e-01 5.0902315e-03
827.0 9.5438461e-01 5.0826112e-03
828.0 9.5820400e-01 5.0927712e-03
829.0 9.5907104e-01 5.0950748e-03
830.0 9.5740726e-01 5.0906534e-03
831.0 9.5451617e-01 5.0829615e-03
832.0 9.5319559e-01 5.0794441e-03
833.0 9.5200605e-01 5.0762736e-03
834.0 9.5746049e-01 5.0907949e-03
835.0 9.5886469e-01 5.0945266e-03
836.0 9.5755990e-01 5.0910592e-03
837.0 9.5560765e-01 5.0858668e-03
838.0 9.6045679e-01 5.0987543e-03
839.0 9.5909251e-01 5.0951318e-03
840.0 9.5693888e-01 5.0894080e-03
841.0 9.5945091e-01 5.0960837e-03
842.0 9.5919783e-01 5.0954115e-03
843.0 9.5749046e-01 5.0908746e-03
844.0 9.5743521e-01 5.0907277e-03
845.0 9.5742144e-01 5.0906911e-03
846.0 9.5556739e-01 5.0857597e-03
847.0 9.5718416e-01 5.0900602e-03
848.0 9.5898020e-01 5.0948335e-03
849.0 9.6311406e-01 5.1058027e-03
850.0 9.5876614e-01 5.0942648e-03
851.0 9.6103229e-01 5.1002817e-03
852.0 9.5529402e-01 5.0850321e-03
853.0 9.5223281e-01 5.0768782e-03
854.0 9.5377478e-01 5.0809871e-03
855.0 9.5701493e-01 5.0896103e-03
856.0 9.5780174e-01 5.0917021e-03
857.0 9.5505553e-01 5.0843973e-03
858.0 9.5694007e-01 5.0894112e-03
859.0 9.5624281e-01 5.0875567e-03
860.0 9.5574940e-01 5.0862440e-03
861.0 9.5835492e-01 5.0931722e-03
862.0 9.6058580e-01 5.0990968e-03
863.0 9.6264910e-01 5.1045702e-03
864.0 9.6020048e-01 5.0980740e-03
865.0 9.6030528e-01 5.0983522e-03
866.0 9.5971604e-01 5.0967878e-03
867.0 9.6398461e-01 5.1081098e-03
868.0 9.6183041e-01 5.1023991e-03
869.0 9.6183890e-01 5.1024216e-03
870.0 9.6151026e-01 5.1015498e-03
871.0 9.6074340e-01 5.0995150e-03
872.0 9.6231745e-01 5.1036908e-03
873.0 9.6314285e-01 5.1058791e-03
874.0 9.6498712e-01 5.1107652e-03
875.0 9.6059733e-01 5.0991274e-03
876.0 9.5904345e-01 5.0950015e-03
877.0 9.6104466e-01 5.1003145e-03
878.0 9.6493977e-01 5.1106398e-03
879.0 9.6436376e-01 5.1091142e-03
880.0 9.6681642e-01 5.1156071e-03
881.0 9.6845352e-01 5.1199364e-03
882.0 9.6557872e-01 5.1123316e-03
883.0 9.6304928e-01 5.1056310e-03
884.0 9.6599221e-01 5.1134261e-03
885.0 9.6920107e-01 5.1219120e-03
886.0 9.7556470e-01 5.1386994e-03
887.0 9.7543390e-01 5.1383549e-03
888.0 9.7643965e-01 5.1410032e-03
889.0 9.7627700e-01 5.1405750e-03
890.0 9.7549611e-01 5.1385187e-03
891.0 9.7330241e-01 5.1327377e-03
892.0 9.7097417e-01 5.1265950e-03
893.0 9.7343806e-01 5.1330954e-03
894.0 9.7524601e-01 5.1378600e-03
895.0 9.7718605e-01 5.1429677e-03
896.0 9.7764294e-01 5.1441699e-03
897.0 9.7629755e-01 5.1406291e-03
898.0 9.7445193e-01 5.1357678e-03
899.0 9.7540917e-01 5.1382897e-03
900.0 9.7649793e-01 5.1411566e-03
901.0 9.7663964e-01 5.1415297e-03
902.0 9.7553493e-01 5.1386210e-03
903.0 9.7319424e-01 5.1324525e-03
904.0 9.7006701e-01 5.1241996e-03
905.0 9.7115656e-01 5.1270765e-03
906.0 9.7288579e-01 5.1316391e-03
907.0 9.7139225e-01 5.1276986e-03
908.0 9.6738423e-01 5.1171091e-03
909.0 9.6527605e-01 5.1115303e-03
910.0 9.6605343e-01 5.1135881e-03
911.0 9.6522974e-01 5.1114077e-03
912.0 9.6520931e-01 5.1113535e-03
913.0 9.6561631e-01 5.1124311e-03
914.0 9.7124000e-01 5.1272967e-03
915.0 9.7288217e-01 5.1316295e-03
916.0 9.7386148e-01 5.1342116e-03
917.0 9.7361811e-01 5.1335701e-03
918.0 9.7491173e-01 5.1369794e-03
919.0 9.7453634e-01 5.1359903e-03
920.0 9.7305086e-01 5.1320744e-03
921.0 9.6966049e-01 5.1231258e-03
922.0 9.6995793e-01 5.1239115e-03
923.0 9.6827969e-01 5.1194768e-03
924.0 9.6850731e-01 5.1200785e-03
925.0 9.7028597e-01 5.1247779e-03
926.0 9.6988139e-01 5.1237093e-03
927.0 9.7047802e-01 5.1252850e-03
928.0 9.6818091e-01 5.1192157e-03
929.0 9.6464307e-01 5.1098540e-03
930.0 9.6755359e-01 5.1175570e-03
931.0 9.6837188e-01 5.1197206e-03
932.0 9.6255615e-01 5.1043237e-03
933.0 9.6387548e-01 5.1078206e-03
934.0 9.6252910e-01 5.1042520e-03
935.0 9.6423582e-01 5.1087753e-03
936.0 9.6479542e-01 5.1102575e-03
937.0 9.6819627e-01 5.1192563e-03
938.0 9.6913400e-01 5.1217348e-03
939.0 9.6642240e-01 5.1145646e-03
940.0 9.6409652e-01 5.1084063e-03
941.0 9.6155979e-01 5.1016812e-03
942.0 9.6299308e-01 5.1054821e-03
943.0 9.6151005e-01 5.1015493e-03
944.0 9.6155403e-01 5.1016660e-03
945.0 9.6151837e-01 5.1015713e-03
946.0 9.5868677e-01 5.0940539e-03
947.0 9.5685647e-01 5.0891889e-03
948.0 9.5596995e-01 5.0868308e-03
949.0 9.5866739e-01 5.0940025e-03
950.0 9.5677731e-01 5.0889784e-03
951.0 9.5087707e-01 5.0732628e-03
952.0 9.5784577e-01 5.0918191e-03
953.0 9.5885491e-01 5.0945006e-03
954.0 9.6218288e-01 5.1033339e-03
955.0 9.6108742e-01 5.1004280e-03
956.0 9.6547410e-01 5.1120546e-03
957.0 9.6668882e-01 5.1152695e-03
958.0 9.6580063e-01 5.1129190e-03
959.0 9.6439504e-01 5.1091971e-03
960.0 9.6329795e-01 5.1062902e-03
961.0 9.6271170e-01 5.1047361e-03
962.0 9.6505813e-01 5.1109533e-03
963.0 9.6728559e-01 5.1168482e-03
964.0 9.6463527e-01 5.1098334e-03
965.0 9.6354422e-01 5.1069428e-03
966.0 9.6393409e-01 5.1079759e-03
967.0 9.6428752e-01 5.1089123e-03
968.0 9.6282179e-01 5.1050280e-03
969.0 9.6005740e-01 5.0976941e-03
970.0 9.5910805e-01 5.0951731e-03
971.0 9.5606989e-01 5.0870967e-03
972.0 9.5878333e-01 5.0943105e-03
973.0 9.5551871e-01 5.0856301e-03
974.0 9.5764285e-01 5.0912797e-03
975.0 9.5987417e-01 5.0972076e-03
976.0 9.5715733e-01 5.0899889e-03
977.0 9.5286310e-01 5.0785581e-03
978.0 9.5650580e-01 5.0882563e-03
979.0 9.5507672e-01 5.0844538e-03
980.0 9.5282883e-01 5.0784668e-03
981.0 9.5686327e-01 5.0892070e-03
982.0 9.5899566e-01 5.0948745e-03
983.0 9.6274978e-01 5.1048371e-03
984.0 9.6071390e-01 5.0994367e-03
985.0 9.6112180e-01 5.1005192e-03
986.0 9.6059200e-01 5.0991132e-03
987.0 9.6057987e-01 5.0990810e-03
988.0 9.6081944e-01 5.0997168e-03
989.0 9.6482471e-01 5.1103351e-03
990.0 9.6730409e-01 5.1168971e-03
991.0 9.6999231e-01 5.1240023e-03
992.0 9.6742771e-01 5.1172241e-03
993.0 9.6722398e-01 5.1166852e-03
994.0 9.6792091e-01 5.1185283e-03
995.0 9.6866910e-01 5.1205062e-03
996.0 9.7108835e-01 5.1268964e-03
997.0 9.7229239e-01 5.1300738e-03
998.0 9.7522331e-01 5.1378002e-03
999.0 9.6772182e-01 5.1180019e-03
1000.0 9.6695736e-01 5.1159799e-03
