1.0 9.5539411e-01 4.8872132e-03
2.0 9.5113027e-01 4.8762954e-03
3.0 9.5420046e-01 4.8841593e-03
4.0 9.5129466e-01 4.8767168e-03
5.0 9.5564539e-01 4.8878559e-03
6.0 9.5651308e-01 4.8900744e-03
7.0 9.5402632e-01 4.8837136e-03
8.0 9.5663533e-01 4.8903868e-03
9.0 9.5683684e-01 4.8909019e-03
10.0 9.5747704e-01 4.8925378e-03
11.0 9.5679786e-01 4.8908023e-03
12.0 9.5723663e-01 4.8919236e-03
13.0 9.5346903e-01 4.8822870e-03
14.0 9.5328137e-01 4.8818065e-03
15.0 9.4764177e-01 4.8673447e-03
16.0 9.4712277e-01 4.8660117e-03
17.0 9.5142587e-01 4.8770531e-03
18.0 9.4641715e-01 4.8641987e-03
19.0 9.4616238e-01 4.8635439e-03
20.0 9.4466070e-01 4.8596829e-03
21.0 9.4464831e-01 4.8596510e-03
22.0 9.4577930e-01 4.8625593e-03
23.0 9.5152811e-01 4.8773151e-03
24.0 9.5904297e-01 4.8965370e-03
25.0 9.5612984e-01 4.8890946e-03
26.0 9.5776278e-01 4.8932678e-03
27.0 9.5431023e-01 4.8844402e-03
28.0 9.5592916e-01 4.8885815e-03
29.0 9.5834363e-01 4.8947514e-03
30.0 9.5662712e-01 4.8903659e-03
31.0 9.5247489e-01 4.8797410e-03
32.0 9.5326207e-01 4.8817571e-03
33.0 9.4276944e-01 4.8548158e-03
34.0 9.4332375e-01 4.8562428e-03
35.0 9.4065021e-01 4.8493562e-03
36.0 9.4300315e-01 4.8554175e-03
37.0 9.3887377e-01 4.8447750e-03
38.0 9.4583312e-01 4.8626976e-03
39.0 9.4462728e-01 4.8595969e-03
40.0 9.4876210e-01 4.8702210e-03
41.0 9.4622870e-01 4.8637144e-03
42.0 9.4367039e-01 4.8571349e-03
43.0 9.4611847e-01 4.8634311e-03
44.0 9.4279938e-01 4.8548929e-03
45.0 9.4365765e-01 4.8571022e-03
46.0 9.4510215e-01 4.8608183e-03
47.0 9.4636246e-01 4.8640581e-03
48.0 9.4713590e-01 4.8660454e-03
49.0 9.4180668e-01 4.8523363e-03
50.0 9.4219214e-01 4.8533291e-03
51.0 9.4931106e-01 4.8716298e-03
52.0 9.4957565e-01 4.8723086e-03
53.0 9.5097946e-01 4.8759088e-03
54.0 9.5454500e-01 4.8850410e-03
55.0 9.4902759e-01 4.8709024e-03
56.0 9.4454398e-01 4.8593827e-03
57.0 9.5048533e-01 4.8746419e-03
58.0 9.5371371e-01 4.8829134e-03
59.0 9.5204369e-01 4.8786363e-03
60.0 9.5535723e-01 4.8871189e-03
61.0 9.4829921e-01 4.8690328e-03
62.0 9.4379451e-01 4.8574544e-03
63.0 9.4413182e-01 4.8583223e-03
64.0 9.4658510e-01 4.8646303e-03
65.0 9.4515306e-01 4.8609492e-03
66.0 9.4802079e-01 4.8683180e-03
67.0 9.5163297e-01 4.8775839e-03
68.0 9.4578848e-01 4.8625829e-03
69.0 9.5006969e-01 4.8735759e-03
70.0 9.5734420e-01 4.8921984e-03
71.0 9.5919662e-01 4.8969292e-03
72.0 9.6037537e-01 4.8999372e-03
73.0 9.5965960e-01 4.8981109e-03
74.0 9.5969439e-01 4.8981997e-03
75.0 9.6735520e-01 4.9177109e-03
76.0 9.7241308e-01 4.9305504e-03
77.0 9.6731945e-01 4.9176200e-03
78.0 9.7074237e-01 4.9263130e-03
79.0 9.7404806e-01 4.9346937e-03
80.0 9.7554340e-01 4.9384800e-03
81.0 9.7561245e-01 4.9386548e-03
82.0 9.7094183e-01 4.9268191e-03
83.0 9.6586281e-01 4.9139160e-03
84.0 9.6725395e-01 4.9174535e-03
85.0 9.6495053e-01 4.9115948e-03
86.0 9.6147615e-01 4.9027445e-03
87.0 9.6303979e-01 4.9067296e-03
88.0 9.6282680e-01 4.9061869e-03
89.0 9.6058487e-01 4.9004716e-03
90.0 9.5807667e-01 4.8940696e-03
91.0 9.5322026e-01 4.8816500e-03
92.0 9.4725764e-01 4.8663581e-03
93.0 9.4356156e-01 4.8568549e-03
94.0 9.4722459e-01 4.8662732e-03
95.0 9.4438429e-01 4.8589718e-03
96.0 9.4801230e-01 4.8682962e-03
97.0 9.4228578e-01 4.8535703e-03
98.0 9.4105747e-01 4.8504058e-03
99.0 9.4297864e-01 4.8553544e-03
100.0 9.4295145e-01 4.8552844e-03
101.0 9.4543736e-01 4.8616802e-03
102.0 9.4602880e-01 4.8632006e-03
103.0 9.4608928e-01 4.8633561e-03
104.0 9.4448262e-01 4.8592248e-03
105.0 9.4211417e-01 4.8531283e-03
106.0 9.4083644e-01 4.8498362e-03
107.0 9.3605396e-01 4.8374941e-03
108.0 9.4207136e-01 4.8530181e-03
109.0 9.4940528e-01 4.8718715e-03
110.0 9.5098247e-01 4.8759165e-03
111.0 9.5539013e-01 4.8872030e-03
112.0 9.5597977e-01 4.8887109e-03
113.0 9.5666158e-01 4.8904539e-03
114.0 9.5831343e-01 4.8946743e-03
115.0 9.5607520e-01 4.8889549e-03
116.0 9.5983706e-01 4.8985637e-03
117.0 9.5458368e-01 4.8851399e-03
118.0 9.5238909e-01 4.8795212e-03
119.0 9.4837055e-01 4.8692159e-03
120.0 9.4673232e-01 4.8650086e-03
121.0 9.4302936e-01 4.8554850e-03
122.0 9.4381890e-01 4.8575171e-03
123.0 9.4187699e-01 4.8525174e-03
124.0 9.4080070e-01 4.8497441e-03
125.0 9.4195621e-01 4.8527214e-03
126.0 9.4356084e-01 4.8568530e-03
127.0 9.4318908e-01 4.8558961e-03
128.0 9.4493031e-01 4.8603763e-03
129.0 9.4201338e-01 4.8528687e-03
130.0 9.4171901e-01 4.8521104e-03
131.0 9.3555750e-01 4.8362111e-03
132.0 9.3578269e-01 4.8367931e-03
133.0 9.4071033e-01 4.8495112e-03
134.0 9.3827301e-01 4.8432247e-03
135.0 9.3343485e-01 4.8307216e-03
136.0 9.3170341e-01 4.8262393e-03
137.0 9.3060939e-01 4.8234049e-03
138.0 9.3361252e-01 4.8311813e-03
139.0 9.3255525e-01 4.8284450e-03
140.0 9.3373017e-01 4.8314857e-03
141.0 9.3406696e-01 4.8323570e-03
142.0 9.3717819e-01 4.8403982e-03
143.0 9.3260925e-01 4.8285848e-03
144.0 9.3150783e-01 4.8257327e-03
145.0 9.3078549e-01 4.8238613e-03
146.0 9.3250216e-01 4.8283076e-03
147.0 9.3164955e-01 4.8260998e-03
148.0 9.3675567e-01 4.8393070e-03
149.0 9.3805968e-01 4.8426741e-03
150.0 9.4255915e-01 4.8542743e-03
151.0 9.4274833e-01 4.8547614e-03
152.0 9.4633538e-01 4.8639886e-03
153.0 9.4554582e-01 4.8619591e-03
154.0 9.4759769e-01 4.8672315e-03
155.0 9.4949805e-01 4.8721096e-03
156.0 9.5575494e-01 4.8881360e-03
157.0 9.5905769e-01 4.8965746e-03
158.0 9.5561595e-01 4.8877806e-03
159.0 9.5565355e-01 4.8878767e-03
160.0 9.5706727e-01 4.8914908e-03
161.0 9.5117971e-01 4.8764222e-03
162.0 9.4767580e-01 4.8674321e-03
163.0 9.4429442e-01 4.8587406e-03
164.0 9.4266227e-01 4.8545398e-03
165.0 9.4005579e-01 4.8478237e-03
166.0 9.3624696e-01 4.8379928e-03
167.0 9.3542816e-01 4.8358768e-03
168.0 9.4002255e-01 4.8477380e-03
169.0 9.4145542e-01 4.8514313e-03
170.0 9.4585672e-01 4.8627583e-03
171.0 9.4727529e-01 4.8664034e-03
172.0 9.4646201e-01 4.8643140e-03
173.0 9.4482715e-01 4.8601110e-03
174.0 9.4581067e-01 4.8626399e-03
175.0 9.5152532e-01 4.8773080e-03
176.0 9.4578058e-01 4.8625626e-03
177.0 9.4103470e-01 4.8503472e-03
178.0 9.3778312e-01 4.8419602e-03
179.0 9.4195967e-01 4.8527304e-03
180.0 9.4893594e-01 4.8706672e-03
181.0 9.5050375e-01 4.8746891e-03
182.0 9.4392633e-01 4.8577936e-03
183.0 9.5013879e-01 4.8737532e-03
184.0 9.5367686e-01 4.8828190e-03
185.0 9.5783501e-01 4.8934523e-03
186.0 9.5598506e-01 4.8887244e-03
187.0 9.5496096e-01 4.8861052e-03
188.0 9.5408301e-01 4.8838587e-03
189.0 9.5210213e-01 4.8787861e-03
190.0 9.5310022e-01 4.8813426e-03
191.0 9.5122677e-01 4.8765428e-03
192.0 9.4823855e-01 4.8688771e-03
193.0 9.5115448e-01 4.8763575e-03
194.0 9.5758182e-01 4.8928055e-03
195.0 9.5679205e-01 4.8907874e-03
196.0 9.5535079e-01 4.8871024e-03
197.0 9.5671752e-01 4.8905969e-03
198.0 9.5624354e-01 4.8893853e-03
199.0 9.5728248e-01 4.8920407e-03
200.0 9.5888614e-01 4.8961366e-03
201.0 9.5894253e-01 4.8962806e-03
202.0 9.6013228e-01 4.8993170e-03
203.0 9.6734489e-01 4.9176847e-03
204.0 9.6789948e-01 4.9190941e-03
205.0 9.6781183e-01 4.9188714e-03
206.0 9.6704068e-01 4.9169114e-03
207.0 9.6516867e-01 4.9121499e-03
208.0 9.6075690e-01 4.9009104e-03
209.0 9.5787916e-01 4.8935651e-03
210.0 9.5746433e-01 4.8925054e-03
211.0 9.6387738e-01 4.9088629e-03
212.0 9.6159997e-01 4.9030602e-03
213.0 9.6042900e-01 4.9000740e-03
214.0 9.5390888e-01 4.8834130e-03
215.0 9.5861225e-01 4.8954373e-03
216.0 9.5849366e-01 4.8951345e-03
217.0 9.5262669e-01 4.8801299e-03
218.0 9.5096455e-01 4.8758706e-03
219.0 9.4685352e-01 4.8653200e-03
220.0 9.5221218e-01 4.8790680e-03
221.0 9.5001622e-01 4.8734388e-03
222.0 9.4905250e-01 4.8709663e-03
223.0 9.4985583e-01 4.8730274e-03
224.0 9.5197223e-01 4.8784532e-03
225.0 9.5329642e-01 4.8818450e-03
226.0 9.5561988e-01 4.8877906e-03
227.0 9.5361428e-01 4.8826588e-03
228.0 9.5795695e-01 4.8937638e-03
229.0 9.5490721e-01 4.8859677e-03
230.0 9.5463200e-01 4.8852636e-03
231.0 9.5296902e-01 4.8810066e-03
232.0 9.5570182e-01 4.8880002e-03
233.0 9.6524893e-01 4.9123542e-03
234.0 9.6552224e-01 4.9130496e-03
235.0 9.6162599e-01 4.9031265e-03
236.0 9.5797883e-01 4.8938197e-03
237.0 9.5633950e-01 4.8896306e-03
238.0 9.5740503e-01 4.8923538e-03
239.0 9.5494225e-01 4.8860574e-03
240.0 9.5323890e-01 4.8816977e-03
241.0 9.4960735e-01 4.8723900e-03
242.0 9.4144551e-01 4.8514058e-03
243.0 9.4427478e-01 4.8586901e-03
244.0 9.4222403e-01 4.8534113e-03
245.0 9.4478955e-01 4.8600143e-03
246.0 9.5140450e-01 4.8769983e-03
247.0 9.5187754e-01 4.8782106e-03
248.0 9.5587651e-01 4.8884469e-03
249.0 9.5421195e-01 4.8841887e-03
250.0 9.5427713e-01 4.8843555e-03
251.0 9.5465246e-01 4.8853159e-03
252.0 9.5336528e-01 4.8820213e-03
253.0 9.5461479e-01 4.8852195e-03
254.0 9.5792832e-01 4.8936907e-03
255.0 9.5542345e-01 4.8872882e-03
256.0 9.6252415e-01 4.9054158e-03
257.0 9.6015889e-01 4.8993849e-03
258.0 9.6216199e-01 4.9044928e-03
259.0 9.5993907e-01 4.8988240e-03
260.0 9.5335606e-01 4.8819977e-03
261.0 9.5723273e-01 4.8919136e-03
262.0 9.6031813e-01 4.8997912e-03
263.0 9.6250035e-01 4.9053551e-03
264.0 9.6556169e-01 4.9131499e-03
265.0 9.7043918e-01 4.9255436e-03
266.0 9.7042438e-01 4.9255060e-03
267.0 9.6717868e-01 4.9172622e-03
268.0 9.6664631e-01 4.9159087e-03
269.0 9.7054999e-01 4.9258248e-03
270.0 9.7150144e-01 4.9282387e-03
271.0 9.7412886e-01 4.9348984e-03
272.0 9.7941686e-01 4.9482746e-03
273.0 9.7500195e-01 4.9371094e-03
274.0 9.7544648e-01 4.9382347e-03
275.0 9.7708821e-01 4.9423886e-03
276.0 9.7858946e-01 4.9461840e-03
277.0 9.7654422e-01 4.9410126e-03
278.0 9.7646856e-01 4.9408212e-03
279.0 9.7550109e-01 4.9383730e-03
280.0 9.7606521e-01 4.9398007e-03
281.0 9.7364385e-01 4.9336697e-03
282.0 9.7440348e-01 4.9355939e-03
283.0 9.7626189e-01 4.9402983e-03
284.0 9.7891142e-01 4.9469976e-03
285.0 9.7659514e-01 4.9411415e-03
286.0 9.7469241e-01 4.9363256e-03
287.0 9.7349797e-01 4.9333001e-03
288.0 9.7625694e-01 4.9402858e-03
289.0 9.7321519e-01 4.9325835e-03
290.0 9.6903542e-01 4.9219799e-03
291.0 9.6536501e-01 4.9126495e-03
292.0 9.6698216e-01 4.9167626e-03
293.0 9.6882584e-01 4.9214476e-03
294.0 9.7088960e-01 4.9266865e-03
295.0 9.5871269e-01 4.8956938e-03
296.0 9.5304032e-01 4.8811892e-03
297.0 9.5221998e-01 4.8790880e-03
298.0 9.5778219e-01 4.8933174e-03
299.0 9.6175963e-01 4.9034672e-03
300.0 9.6637368e-01 4.9152154e-03
301.0 9.6548820e-01 4.9129630e-03
302.0 9.6775954e-01 4.9187385e-03
303.0 9.6431648e-01 4.9099809e-03
304.0 9.7083793e-01 4.9265554e-03
305.0 9.6806009e-01 4.9195023e-03
306.0 9.6763027e-01 4.9184100e-03
307.0 9.6775642e-01 4.9187306e-03
308.0 9.6551585e-01 4.9130333e-03
309.0 9.6022206e-01 4.8995461e-03
310.0 9.6444235e-01 4.9103013e-03
311.0 9.5964277e-01 4.8980679e-03
312.0 9.6030609e-01 4.8997604e-03
313.0 9.6194132e-01 4.9039304e-03
314.0 9.6197901e-01 4.9040265e-03
315.0 9.5988394e-01 4.8986834e-03
316.0 9.5972275e-01 4.8982720e-03
317.0 9.6177477e-01 4.9035058e-03
318.0 9.5943574e-01 4.8975396e-03
319.0 9.6083895e-01 4.9011197e-03
320.0 9.6332839e-01 4.9074647e-03
321.0 9.6506842e-01 4.9118948e-03
322.0 9.6465468e-01 4.9108418e-03
323.0 9.6613115e-01 4.9145986e-03
324.0 9.6981438e-01 4.9239577e-03
325.0 9.6595245e-01 4.9141440e-03
326.0 9.6561688e-01 4.9132904e-03
327.0 9.6707468e-01 4.9169978e-03
328.0 9.6501308e-01 4.9117540e-03
329.0 9.6665036e-01 4.9159190e-03
330.0 9.7189843e-01 4.9292455e-03
331.0 9.7056234e-01 4.9258561e-03
332.0 9.6930033e-01 4.9226526e-03
333.0 9.7293568e-01 4.9318751e-03
334.0 9.7642368e-01 4.9407077e-03
335.0 9.7358234e-01 4.9335138e-03
336.0 9.7169627e-01 4.9287328e-03
337.0 9.6779148e-01 4.9188197e-03
338.0 9.6315530e-01 4.9070238e-03
339.0 9.6454201e-01 4.9105550e-03
340.0 9.5815577e-01 4.8942716e-03
341.0 9.5652208e-01 4.8900974e-03
342.0 9.6313114e-01 4.9069623e-03
343.0 9.6381611e-01 4.9087069e-03
344.0 9.6236059e-01 4.9049990e-03
345.0 9.6179187e-01 4.9035494e-03
346.0 9.5759611e-01 4.8928420e-03
347.0 9.5050649e-01 4.8746962e-03
348.0 9.5456412e-01 4.8850899e-03
349.0 9.5611740e-01 4.8890628e-03
350.0 9.5578192e-01 4.8882050e-03
351.0 9.5090750e-01 4.8757243e-03
352.0 9.4967440e-01 4.8725620e-03
353.0 9.5161168e-01 4.8775293e-03
354.0 9.5394146e-01 4.8834964e-03
355.0 9.5232987e-01 4.8793695e-03
356.0 9.5349611e-01 4.8823563e-03
357.0 9.5188387e-01 4.8782268e-03
358.0 9.5043779e-01 4.8745200e-03
359.0 9.4707614e-01 4.8658919e-03
360.0 9.4757406e-01 4.8671708e-03
361.0 9.5469256e-01 4.8854185e-03
362.0 9.5304870e-01 4.8812107e-03
363.0 9.5139523e-01 4.8769746e-03
364.0 9.5138691e-01 4.8769533e-03
365.0 9.5186350e-01 4.8781746e-03
366.0 9.4806390e-01 4.8684287e-03
367.0 9.4753015e-01 4.8670581e-03
368.0 9.5345861e-01 4.8822603e-03
369.0 9.6167948e-01 4.9032629e-03
370.0 9.6638348e-01 4.9152403e-03
371.0 9.6665075e-01 4.9159199e-03
372.0 9.7197512e-01 4.9294400e-03
373.0 9.7049033e-01 4.9256734e-03
374.0 9.6861671e-01 4.9209164e-03
375.0 9.6927424e-01 4.9225863e-03
376.0 9.6752996e-01 4.9181551e-03
377.0 9.6951960e-01 4.9232093e-03
378.0 9.7184384e-01 4.9291070e-03
379.0 9.6831168e-01 4.9201415e-03
380.0 9.6681629e-01 4.9163409e-03
381.0 9.6392864e-01 4.9089934e-03
382.0 9.6412385e-01 4.9094904e-03
383.0 9.6626842e-01 4.9149477e-03
384.0 9.6685612e-01 4.9164421e-03
385.0 9.6569836e-01 4.9134977e-03
386.0 9.6613949e-01 4.9146198e-03
387.0 9.6514375e-01 4.9120865e-03
388.0 9.5959361e-01 4.8979425e-03
389.0 9.6069188e-01 4.9007445e-03
390.0 9.5960717e-01 4.8979771e-03
391.0 9.5325178e-01 4.8817307e-03
392.0 9.5094651e-01 4.8758243e-03
393.0 9.5124795e-01 4.8765971e-03
394.0 9.5057782e-01 4.8748791e-03
395.0 9.5225940e-01 4.8791890e-03
396.0 9.4763717e-01 4.8673329e-03
397.0 9.4609357e-01 4.8633671e-03
398.0 9.5532014e-01 4.8870240e-03
399.0 9.6198344e-01 4.9040377e-03
400.0 9.6172870e-01 4.9033884e-03
401.0 9.6008276e-01 4.8991907e-03
402.0 9.6042741e-01 4.9000699e-03
403.0 9.6166072e-01 4.9032151e-03
404.0 9.5917631e-01 4.8968774e-03
405.0 9.6038293e-01 4.8999565e-03
406.0 9.5908667e-01 4.8966485e-03
407.0 9.5864924e-01 4.8955318e-03
408.0 9.6024511e-01 4.8996049e-03
409.0 9.6529215e-01 4.9124642e-03
410.0 9.6553482e-01 4.9130816e-03
411.0 9.6675255e-01 4.9161788e-03
412.0 9.6728488e-01 4.9175321e-03
413.0 9.6902595e-01 4.9219558e-03
414.0 9.7204148e-01 4.9296082e-03
415.0 9.6495797e-01 4.9116137e-03
416.0 9.6493315e-01 4.9115506e-03
417.0 9.6486470e-01 4.9113764e-03
418.0 9.6873824e-01 4.9212251e-03
419.0 9.6987888e-01 4.9241215e-03
420.0 9.6354289e-01 4.9080111e-03
421.0 9.6410371e-01 4.9094392e-03
422.0 9.5954897e-01 4.8978286e-03
423.0 9.6029499e-01 4.8997321e-03
424.0 9.6198056e-01 4.9040304e-03
425.0 9.5946535e-01 4.8976151e-03
426.0 9.5658258e-01 4.8902520e-03
427.0 9.6306511e-01 4.9067941e-03
428.0 9.6083351e-01 4.9011058e-03
429.0 9.6212913e-01 4.9044091e-03
430.0 9.6015279e-01 4.8993693e-03
431.0 9.5709468e-01 4.8915608e-03
432.0 9.5282333e-01 4.8806335e-03
433.0 9.5325723e-01 4.8817447e-03
434.0 9.5557370e-01 4.8876725e-03
435.0 9.6163681e-01 4.9031541e-03
436.0 9.6436375e-01 4.9101012e-03
437.0 9.6487986e-01 4.9114149e-03
438.0 9.7168528e-01 4.9287049e-03
439.0 9.7284068e-01 4.9316343e-03
440.0 9.7683339e-01 4.9417441e-03
441.0 9.7260721e-01 4.9310425e-03
442.0 9.7431054e-01 4.9353585e-03
443.0 9.7135414e-01 4.9278650e-03
444.0 9.6802390e-01 4.9194103e-03
445.0 9.6748917e-01 4.9180514e-03
446.0 9.6146437e-01 4.9027145e-03
447.0 9.5685382e-01 4.8909453e-03
448.0 9.4906916e-01 4.8710091e-03
449.0 9.4635847e-01 4.8640479e-03
450.0 9.5035878e-01 4.8743174e-03
451.0 9.5293180e-01 4.8809113e-03
452.0 9.5424549e-01 4.8842745e-03
453.0 9.5963853e-01 4.8980571e-03
454.0 9.7029226e-01 4.9251707e-03
455.0 9.6996885e-01 4.9243499e-03
456.0 9.6846562e-01 4.9205326e-03
457.0 9.6939480e-01 4.9228925e-03
458.0 9.7219928e-01 4.9300083e-03
459.0 9.6955384e-01 4.9232963e-03
460.0 9.6744241e-01 4.9179325e-03
461.0 9.6465493e-01 4.9108425e-03
462.0 9.6551002e-01 4.9130185e-03
463.0 9.6320648e-01 4.9071542e-03
464.0 9.5896384e-01 4.8963350e-03
465.0 9.5630831e-01 4.8895509e-03
466.0 9.5939342e-01 4.8974316e-03
467.0 9.5812850e-01 4.8942020e-03
468.0 9.6327946e-01 4.9073401e-03
469.0 9.6724310e-01 4.9174259e-03
470.0 9.6431067e-01 4.9099661e-03
471.0 9.5441153e-01 4.8846994e-03
472.0 9.5799656e-01 4.8938650e-03
473.0 9.5762157e-01 4.8929071e-03
474.0 9.6291253e-01 4.9064054e-03
475.0 9.6625114e-01 4.9149037e-03
476.0 9.6308913e-01 4.9068553e-03
477.0 9.6605946e-01 4.9144162e-03
478.0 9.6853442e-01 4.9207073e-03
479.0 9.6682477e-01 4.9163624e-03
480.0 9.6932677e-01 4.9227197e-03
481.0 9.6734882e-01 4.9176947e-03
482.0 9.6721455e-01 4.9173534e-03
483.0 9.6696481e-01 4.9167185e-03
484.0 9.6408264e-01 4.9093855e-03
485.0 9.6454043e-01 4.9105510e-03
486.0 9.6553186e-01 4.9130741e-03
487.0 9.6356741e-01 4.9080735e-03
488.0 9.6343048e-01 4.9077248e-03
489.0 9.5896180e-01 4.8963298e-03
490.0 9.5946131e-01 4.8976048e-03
491.0 9.6041041e-01 4.9000266e-03
492.0 9.6247436e-01 4.9052889e-03
493.0 9.6842047e-01 4.9204179e-03
494.0 9.6775325e-01 4.9187225e-03
495.0 9.6868940e-01 4.9211010e-03
496.0 9.7191543e-01 4.9292886e-03
497.0 9.7100124e-01 4.9269698e-03
498.0 9.7386066e-01 4.9342189e-03
499.0 9.7286179e-01 4.9316878e-03
500.0 9.6642213e-01 4.9153386e-03
501.0 9.6495771e-01 4.9116131e-03
502.0 9.6497512e-01 4.9116574e-03
503.0 9.6604571e-01 4.9143812e-03
504.0 9.6917665e-01 4.9223385e-03
505.0 9.7315067e-01 4.9324200e-03
506.0 9.7018596e-01 4.9249009e-03
507.0 9.7047290e-01 4.9256292e-03
508.0 9.6703845e-01 4.9169057e-03
509.0 9.7414145e-01 4.9349302e-03
510.0 9.7747915e-01 4.9433773e-03
511.0 9.7442384e-01 4.9356455e-03
512.0 9.7497771e-01 4.9370480e-03
513.0 9.7748658e-01 4.9433961e-03
514.0 9.7477501e-01 4.9365348e-03
515.0 9.7297683e-01 4.9319794e-03
516.0 9.7252083e-01 4.9308236e-03
517.0 9.7248928e-01 4.9307436e-03
518.0 9.7147252e-01 4.9281653e-03
519.0 9.7127615e-01 4.9276672e-03
520.0 9.7241296e-01 4.9305501e-03
521.0 9.7440288e-01 4.9355924e-03
522.0 9.7094526e-01 4.9268277e-03
523.0 9.7379581e-01 4.9340547e-03
524.0 9.7398426e-01 4.9345321e-03
525.0 9.7481881e-01 4.9366457e-03
526.0 9.7260643e-01 4.9310406e-03
527.0 9.7027909e-01 4.9251373e-03
528.0 9.6775897e-01 4.9187371e-03
529.0 9.6833791e-01 4.9202081e-03
530.0 9.6913494e-01 4.9222326e-03
531.0 9.7429008e-01 4.9353067e-03
532.0 9.7520426e-01 4.9376216e-03
533.0 9.8252510e-01 4.9561202e-03
534.0 9.8177865e-01 4.9542372e-03
535.0 9.8380839e-01 4.9593558e-03
536.0 9.7961010e-01 4.9487627e-03
537.0 9.8065672e-01 4.9514057e-03
538.0 9.7678248e-01 4.9416153e-03
539.0 9.7658585e-01 4.9411179e-03
540.0 9.7437937e-01 4.9355328e-03
541.0 9.7187977e-01 4.9291982e-03
542.0 9.7448098e-01 4.9357902e-03
543.0 9.7735579e-01 4.9430653e-03
544.0 9.7844652e-01 4.9458228e-03
545.0 9.8255870e-01 4.9562050e-03
546.0 9.8581310e-01 4.9644061e-03
547.0 9.8828316e-01 4.9706216e-03
548.0 9.8542806e-01 4.9634365e-03
549.0 9.8717745e-01 4.9678402e-03
550.0 9.9193687e-01 4.9798014e-03
551.0 9.9524839e-01 4.9881069e-03
552.0 9.9323332e-01 4.9830546e-03
553.0 9.9432499e-01 4.9857923e-03
554.0 9.9346309e-01 4.9836310e-03
555.0 9.9889190e-01 4.9972290e-03
556.0 9.9810733e-01 4.9952661e-03
557.0 9.9712284e-01 4.9928020e-03
558.0 9.9447570e-01 4.9861702e-03
559.0 9.9507102e-01 4.9876624e-03
560.0 9.9320605e-01 4.9829862e-03
561.0 9.9247090e-01 4.9811417e-03
562.0 9.9610043e-01 4.9902416e-03
563.0 9.9348774e-01 4.9836928e-03
564.0 9.9056039e-01 4.9763450e-03
565.0 9.8346109e-01 4.9584804e-03
566.0 9.8502903e-01 4.9624314e-03
567.0 9.8306291e-01 4.9574765e-03
568.0 9.7866912e-01 4.9463854e-03
569.0 9.7792996e-01 4.9445171e-03
570.0 9.7765125e-01 4.9438125e-03
571.0 9.7619816e-01 4.9401371e-03
572.0 9.7797265e-01 4.9446250e-03
573.0 9.7889755e-01 4.9469626e-03
574.0 9.8053242e-01 4.9510919e-03
575.0 9.8274630e-01 4.9566781e-03
576.0 9.7968201e-01 4.9489444e-03
577.0 9.8371233e-01 4.9591137e-03
578.0 9.8188056e-01 4.9544943e-03
579.0 9.8133599e-01 4.9531202e-03
580.0 9.7812300e-01 4.9450051e-03
581.0 9.7977356e-01 4.9491756e-03
582.0 9.7245212e-01 4.9306494e-03
583.0 9.7194879e-01 4.9293732e-03
584.0 9.7306929e-01 4.9322138e-03
585.0 9.7269526e-01 4.9312657e-03
586.0 9.7490170e-01 4.9368556e-03
587.0 9.7222790e-01 4.9300809e-03
588.0 9.7458507e-01 4.9360538e-03
589.0 9.7589339e-01 4.9393658e-03
590.0 9.7796632e-01 4.9446090e-03
591.0 9.7944042e-01 4.9483341e-03
592.0 9.8173690e-01 4.9541319e-03
593.0 9.7433041e-01 4.9354089e-03
594.0 9.7968858e-01 4.9489610e-03
595.0 9.7618589e-01 4.9401060e-03
596.0 9.8021335e-01 4.9502862e-03
597.0 9.7972082e-01 4.9490424e-03
598.0 9.8274583e-01 4.9566769e-03
599.0 9.8567578e-01 4.9640603e-03
600.0 9.8513308e-01 4.9626936e-03
601.0 9.8602655e-01 4.9649435e-03
602.0 9.7701148e-01 4.9421946e-03
603.0 9.7467915e-01 4.9362920e-03
604.0 9.7234910e-01 4.9303882e-03
605.0 9.7499992e-01 4.9371042e-03
606.0 9.7289279e-01 4.9317664e-03
607.0 9.6918629e-01 4.9223630e-03
608.0 9.7361206e-01 4.9335891e-03
609.0 9.7386579e-01 4.9342320e-03
610.0 9.8167643e-01 4.9539793e-03
611.0 9.8765918e-01 4.9690522e-03
612.0 9.8573925e-01 4.9642201e-03
613.0 9.7663316e-01 4.9412376e-03
614.0 9.7679765e-01 4.9416537e-03
615.0 9.7938669e-01 4.9481984e-03
616.0 9.8552866e-01 4.9636898e-03
617.0 9.8899870e-01 4.9724207e-03
618.0 9.8354434e-01 4.9586902e-03
619.0 9.8801647e-01 4.9699509e-03
620.0 9.9298988e-01 4.9824439e-03
621.0 9.9392086e-01 4.9847790e-03
622.0 9.9400140e-01 4.9849810e-03
623.0 9.8873186e-01 4.9717499e-03
624.0 9.9493874e-01 4.9873308e-03
625.0 9.8637736e-01 4.9658266e-03
626.0 9.8359794e-01 4.9588253e-03
627.0 9.8743155e-01 4.9684796e-03
628.0 9.8790873e-01 4.9696799e-03
629.0 9.8926976e-01 4.9731021e-03
630.0 9.8999150e-01 4.9749158e-03
631.0 9.9334672e-01 4.9833391e-03
632.0 9.9285139e-01 4.9820965e-03
633.0 9.8852795e-01 4.9712372e-03
634.0 9.8821730e-01 4.9704560e-03
635.0 9.8884187e-01 4.9720264e-03
636.0 9.8366989e-01 4.9590067e-03
637.0 9.8375201e-01 4.9592137e-03
638.0 9.8393273e-01 4.9596692e-03
639.0 9.8324089e-01 4.9579252e-03
640.0 9.8161539e-01 4.9538253e-03
641.0 9.7456338e-01 4.9359989e-03
642.0 9.7488965e-01 4.9368250e-03
643.0 9.7370411e-01 4.9338224e-03
644.0 9.7531770e-01 4.9379088e-03
645.0 9.7318924e-01 4.9325177e-03
646.0 9.7048139e-01 4.9256507e-03
647.0 9.7117780e-01 4.9274177e-03
648.0 9.7281092e-01 4.9315589e-03
649.0 9.7235712e-01 4.9304085e-03
650.0 9.7038984e-01 4.9254184e-03
651.0 9.7630244e-01 4.9404009e-03
652.0 9.6984525e-01 4.9240361e-03
653.0 9.7342100e-01 4.9331050e-03
654.0 9.7343436e-01 4.9331389e-03
655.0 9.6961124e-01 4.9234420e-03
656.0 9.7509328e-01 4.9373406e-03
657.0 9.7509494e-01 4.9373448e-03
658.0 9.7270124e-01 4.9312809e-03
659.0 9.6588222e-01 4.9139654e-03
660.0 9.6703899e-01 4.9169071e-03
661.0 9.6906608e-01 4.9220577e-03
662.0 9.6784333e-01 4.9189515e-03
663.0 9.6443960e-01 4.9102943e-03
664.0 9.6502576e-01 4.9117863e-03
665.0 9.6367189e-01 4.9083396e-03
666.0 9.6396885e-01 4.9090958e-03
667.0 9.6566504e-01 4.9134129e-03
668.0 9.6812553e-01 4.9196685e-03
669.0 9.7074634e-01 4.9263230e-03
670.0 9.7012942e-01 4.9247574e-03
671.0 9.7208832e-01 4.9297270e-03
672.0 9.6816446e-01 4.9197674e-03
673.0 9.6705572e-01 4.9169496e-03
674.0 9.6581121e-01 4.9137847e-03
675.0 9.6556363e-01 4.9131549e-03
676.0 9.6185146e-01 4.9037013e-03
677.0 9.6305059e-01 4.9067571e-03
678.0 9.6250556e-01 4.9053684e-03
679.0 9.5999620e-01 4.8989698e-03
680.0 9.6440785e-01 4.9102135e-03
681.0 9.6713092e-01 4.9171408e-03
682.0 9.6693186e-01 4.9166347e-03
683.0 9.6219086e-01 4.9045664e-03
684.0 9.5995941e-01 4.8988759e-03
685.0 9.6275056e-01 4.9059927e-03
686.0 9.6941818e-01 4.9229518e-03
687.0 9.6415651e-01 4.9095736e-03
688.0 9.5897556e-01 4.8963649e-03
689.0 9.5658206e-01 4.8902507e-03
690.0 9.4527957e-01 4.8612745e-03
691.0 9.4623929e-01 4.8637416e-03
692.0 9.5171629e-01 4.8777974e-03
693.0 9.4905424e-01 4.8709708e-03
694.0 9.5082808e-01 4.8755207e-03
695.0 9.4643969e-01 4.8642566e-03
696.0 9.4863696e-01 4.8698998e-03
697.0 9.4729993e-01 4.8664667e-03
698.0 9.4035266e-01 4.8485891e-03
699.0 9.3799710e-01 4.8425125e-03
700.0 9.4169789e-01 4.8520560e-03
701.0 9.3861913e-01 4.8441179e-03
702.0 9.4044858e-01 4.8488364e-03
703.0 9.3969018e-01 4.8468809e-03
704.0 9.4424800e-01 4.8586212e-03
705.0 9.4624079e-01 4.8637455e-03
706.0 9.5008885e-01 4.8736251e-03
707.0 9.4693183e-01 4.8655212e-03
708.0 9.4908859e-01 4.8710589e-03
709.0 9.4973334e-01 4.8727132e-03
710.0 9.5305047e-01 4.8812152e-03
711.0 9.5622332e-01 4.8893336e-03
712.0 9.5489914e-01 4.8859471e-03
713.0 9.5824468e-01 4.8944987e-03
714.0 9.5521907e-01 4.8867655e-03
715.0 9.5390336e-01 4.8833988e-03
716.0 9.4148023e-01 4.8514952e-03
717.0 9.3946640e-01 4.8463038e-03
718.0 9.4292071e-01 4.8552052e-03
719.0 9.4654170e-01 4.8645188e-03
720.0 9.4405948e-01 4.8581362e-03
721.0 9.4626028e-01 4.8637956e-03
722.0 9.4798633e-01 4.8682295e-03
723.0 9.5043817e-01 4.8745209e-03
724.0 9.5601774e-01 4.8888080e-03
725.0 9.5805983e-01 4.8940266e-03
726.0 9.6315765e-01 4.9070298e-03
727.0 9.6559837e-01 4.9132433e-03
728.0 9.5875974e-01 4.8958139e-03
729.0 9.5952994e-01 4.8977800e-03
730.0 9.6229392e-01 4.9048291e-03
731.0 9.6001298e-01 4.8990126e-03
732.0 9.6097289e-01 4.9014613e-03
733.0 9.6105109e-01 4.9016607e-03
734.0 9.6005578e-01 4.8991218e-03
735.0 9.5915824e-01 4.8968312e-03
736.0 9.5857992e-01 4.8953548e-03
737.0 9.6218266e-01 4.9045455e-03
738.0 9.6243199e-01 4.9051809e-03
739.0 9.6409014e-01 4.9094046e-03
740.0 9.6213582e-01 4.9044261e-03
741.0 9.6238218e-01 4.9050540e-03
742.0 9.6717136e-01 4.9172436e-03
743.0 9.6515765e-01 4.9121219e-03
744.0 9.6943233e-01 4.9229878e-03
745.0 9.6688821e-01 4.9165237e-03
746.0 9.6640757e-01 4.9153016e-03
747.0 9.7006554e-01 4.9245953e-03
748.0 9.7345364e-01 4.9331877e-03
749.0 9.6736397e-01 4.9177332e-03
750.0 9.6164706e-01 4.9031803e-03
751.0 9.5623922e-01 4.8893743e-03
752.0 9.5600331e-01 4.8887711e-03
753.0 9.4902085e-01 4.8708851e-03
754.0 9.5059712e-01 4.8749285e-03
755.0 9.5690668e-01 4.8910804e-03
756.0 9.5654192e-01 4.8901481e-03
757.0 9.6236074e-01 4.9049994e-03
758.0 9.6143985e-01 4.9026520e-03
759.0 9.6035398e-01 4.8998826e-03
760.0 9.6243430e-01 4.9051868e-03
761.0 9.5817014e-01 4.8943083e-03
762.0 9.6087297e-01 4.9012064e-03
763.0 9.5676921e-01 4.8907290e-03
764.0 9.6190160e-01 4.9038291e-03
765.0 9.5780976e-01 4.8933878e-03
766.0 9.6299197e-01 4.9066077e-03
767.0 9.6405428e-01 4.9093133e-03
768.0 9.6660936e-01 4.9158147e-03
769.0 9.6735384e-01 4.9177074e-03
770.0 9.7054058e-01 4.9258009e-03
771.0 9.6666170e-01 4.9159478e-03
772.0 9.6567268e-01 4.9134323e-03
773.0 9.6253132e-01 4.9054341e-03
774.0 9.5541633e-01 4.8872701e-03
775.0 9.5584188e-01 4.8883583e-03
776.0 9.6181047e-01 4.9035968e-03
777.0 9.6285016e-01 4.9062465e-03
778.0 9.6039250e-01 4.8999809e-03
779.0 9.5374056e-01 4.8829821e-03
780.0 9.5873730e-01 4.8957566e-03
781.0 9.5454276e-01 4.8850352e-03
782.0 9.5589649e-01 4.8884980e-03
783.0 9.5598087e-01 4.8887137e-03
784.0 9.4923831e-01 4.8714431e-03
785.0 9.4984093e-01 4.8729892e-03
786.0 9.4964434e-01 4.8724849e-03
787.0 9.3847231e-01 4.8437391e-03
788.0 9.3970047e-01 4.8469075e-03
789.0 9.4373094e-01 4.8572908e-03
790.0 9.3948067e-01 4.8463406e-03
791.0 9.4422319e-01 4.8585574e-03
792.0 9.4421268e-01 4.8585303e-03
793.0 9.4387700e-01 4.8576666e-03
794.0 9.3418916e-01 4.8326731e-03
795.0 9.3404862e-01 4.8323096e-03
796.0 9.3831243e-01 4.8433264e-03
797.0 9.3749071e-01 4.8412052e-03
798.0 9.3691034e-01 4.8397065e-03
799.0 9.3694883e-01 4.8398059e-03
800.0 9.3675437e-01 4.8393036e-03
801.0 9.3873773e-01 4.8444240e-03
802.0 9.4099374e-01 4.8502416e-03
803.0 9.3998467e-01 4.8476404e-03
804.0 9.4175807e-01 4.8522110e-03
805.0 9.4513497e-01 4.8609026e-03
806.0 9.5293675e-01 4.8809240e-03
807.0 9.5463686e-01 4.8852760e-03
808.0 9.5014120e-01 4.8737594e-03
809.0 9.4402596e-01 4.8580500e-03
810.0 9.4464637e-01 4.8596460e-03
811.0 9.4444508e-01 4.8591282e-03
812.0 9.4543955e-01 4.8616858e-03
813.0 9.4710153e-01 4.8659571e-03
814.0 9.4938482e-01 4.8718190e-03
815.0 9.5162843e-01 4.8775722e-03
816.0 9.4980288e-01 4.8728916e-03
817.0 9.4905752e-01 4.8709792e-03
818.0 9.4951306e-01 4.8721481e-03
819.0 9.4925228e-01 4.8714790e-03
820.0 9.4894159e-01 4.8706817e-03
821.0 9.5323788e-01 4.8816951e-03
822.0 9.5384643e-01 4.8832531e-03
823.0 9.4859100e-01 4.8697818e-03
824.0 9.5208279e-01 4.8787365e-03
825.0 9.5882412e-01 4.8959783e-03
826.0 9.6311081e-01 4.9069105e-03
827.0 9.5970789e-01 4.8982341e-03
828.0 9.6509028e-01 4.9119505e-03
829.0 9.6637109e-01 4.9152088e-03
830.0 9.6415553e-01 4.9095711e-03
831.0 9.6022806e-01 4.8995614e-03
832.0 9.5832450e-01 4.8947025e-03
833.0 9.5650718e-01 4.8900593e-03
834.0 9.6344354e-01 4.9077580e-03
835.0 9.6485808e-01 4.9113595e-03
836.0 9.6252393e-01 4.9054152e-03
837.0 9.5921936e-01 4.8969873e-03
838.0 9.6500247e-01 4.9117270e-03
839.0 9.6271494e-01 4.9059019e-03
840.0 9.5972524e-01 4.8982784e-03
841.0 9.6326963e-01 4.9073151e-03
842.0 9.6324773e-01 4.9072593e-03
843.0 9.6119205e-01 4.9020202e-03
844.0 9.6112772e-01 4.9018561e-03
845.0 9.6091726e-01 4.9013194e-03
846.0 9.5814624e-01 4.8942473e-03
847.0 9.6001273e-01 4.8990120e-03
848.0 9.6220917e-01 4.9046131e-03
849.0 9.6762459e-01 4.9183956e-03
850.0 9.6178121e-01 4.9035222e-03
851.0 9.6473609e-01 4.9110490e-03
852.0 9.5695498e-01 4.8912038e-03
853.0 9.5267959e-01 4.8802654e-03
854.0 9.5448873e-01 4.8848970e-03
855.0 9.5848225e-01 4.8951054e-03
856.0 9.5906328e-01 4.8965888e-03
857.0 9.5476746e-01 4.8856102e-03
858.0 9.5654911e-01 4.8901664e-03
859.0 9.5492572e-01 4.8860151e-03
860.0 9.5373953e-01 4.8829795e-03
861.0 9.5693374e-01 4.8911495e-03
862.0 9.5989845e-01 4.8987204e-03
863.0 9.6284345e-01 4.9062294e-03
864.0 9.5982365e-01 4.8985295e-03
865.0 9.6009718e-01 4.8992275e-03
866.0 9.5926906e-01 4.8971141e-03
867.0 9.6480589e-01 4.9112267e-03
868.0 9.6178157e-01 4.9035232e-03
869.0 9.6170811e-01 4.9033359e-03
870.0 9.6124654e-01 4.9021591e-03
871.0 9.6023169e-01 4.8995707e-03
872.0 9.6234973e-01 4.9049713e-03
873.0 9.6347755e-01 4.9078446e-03
874.0 9.6598287e-01 4.9142214e-03
875.0 9.6021294e-01 4.8995228e-03
876.0 9.5826063e-01 4.8945394e-03
877.0 9.6104564e-01 4.9016468e-03
878.0 9.6628544e-01 4.9149910e-03
879.0 9.6544239e-01 4.9128464e-03
880.0 9.6853839e-01 4.9207174e-03
881.0 9.7056246e-01 4.9258564e-03
882.0 9.6673839e-01 4.9161428e-03
883.0 9.6362982e-01 4.9082324e-03
884.0 9.6802277e-01 4.9194074e-03
885.0 9.7280872e-01 4.9315533e-03
886.0 9.8166678e-01 4.9539550e-03
887.0 9.8167053e-01 4.9539644e-03
888.0 9.8306512e-01 4.9574821e-03
889.0 9.8288595e-01 4.9570303e-03
890.0 9.8190785e-01 4.9545632e-03
891.0 9.7902260e-01 4.9472786e-03
892.0 9.7585081e-01 4.9392581e-03
893.0 9.7891662e-01 4.9470108e-03
894.0 9.8099258e-01 4.9522535e-03
895.0 9.8322740e-01 4.9578912e-03
896.0 9.8355409e-01 4.9587148e-03
897.0 9.8156386e-01 4.9536953e-03
898.0 9.7895533e-01 4.9471086e-03
899.0 9.8010528e-01 4.9500134e-03
900.0 9.8146439e-01 4.9534442e-03
901.0 9.8161238e-01 4.9538177e-03
902.0 9.8013054e-01 4.9500771e-03
903.0 9.7698482e-01 4.9421272e-03
904.0 9.7274898e-01 4.9314019e-03
905.0 9.7412517e-01 4.9348890e-03
906.0 9.7640242e-01 4.9406539e-03
907.0 9.7444102e-01 4.9356890e-03
908.0 9.6910573e-01 4.9221584e-03
909.0 9.6616675e-01 4.9146891e-03
910.0 9.6689103e-01 4.9165309e-03
911.0 9.6536375e-01 4.9126463e-03
912.0 9.6492097e-01 4.9115196e-03
913.0 9.6515705e-01 4.9121204e-03
914.0 9.7244105e-01 4.9306213e-03
915.0 9.7437064e-01 4.9355107e-03
916.0 9.7519647e-01 4.9376019e-03
917.0 9.7409962e-01 4.9348243e-03
918.0 9.7486523e-01 4.9367632e-03
919.0 9.7344424e-01 4.9331639e-03
920.0 9.7079139e-01 4.9264373e-03
921.0 9.6594132e-01 4.9141157e-03
922.0 9.6631525e-01 4.9150668e-03
923.0 9.6423155e-01 4.9097647e-03
924.0 9.6469633e-01 4.9109478e-03
925.0 9.6710200e-01 4.9170673e-03
926.0 9.6643860e-01 4.9153805e-03
927.0 9.6703349e-01 4.9168931e-03
928.0 9.6381730e-01 4.9087099e-03
929.0 9.5906613e-01 4.8965961e-03
930.0 9.6301375e-01 4.9066632e-03
931.0 9.6420953e-01 4.9097086e-03
932.0 9.5656944e-01 4.8902184e-03
933.0 9.5849100e-01 4.8951277e-03
934.0 9.5696595e-01 4.8912319e-03
935.0 9.5962691e-01 4.8980275e-03
936.0 9.6081124e-01 4.9010490e-03
937.0 9.6576636e-01 4.9136707e-03
938.0 9.6741625e-01 4.9178661e-03
939.0 9.6424050e-01 4.9097874e-03
940.0 9.6166230e-01 4.9032191e-03
941.0 9.5884338e-01 4.8960274e-03
942.0 9.6124674e-01 4.9021596e-03
943.0 9.5957475e-01 4.8978944e-03
944.0 9.5967467e-01 4.8981494e-03
945.0 9.5938420e-01 4.8974080e-03
946.0 9.5513953e-01 4.8865620e-03
947.0 9.5214225e-01 4.8788889e-03
948.0 9.5048525e-01 4.8746417e-03
949.0 9.5381655e-01 4.8831766e-03
950.0 9.5129347e-01 4.8767137e-03
951.0 9.4367635e-01 4.8571503e-03
952.0 9.5341513e-01 4.8821490e-03
953.0 9.5530660e-01 4.8869894e-03
954.0 9.6026442e-01 4.8996542e-03
955.0 9.5919410e-01 4.8969228e-03
956.0 9.6526454e-01 4.9123939e-03
957.0 9.6698122e-01 4.9167602e-03
958.0 9.6587009e-01 4.9139345e-03
959.0 9.6414208e-01 4.9095369e-03
960.0 9.6293296e-01 4.9064574e-03
961.0 9.6247607e-01 4.9052933e-03
962.0 9.6594407e-01 4.9141227e-03
963.0 9.6924138e-01 4.9225029e-03
964.0 9.6601096e-01 4.9142928e-03
965.0 9.6478801e-01 4.9111812e-03
966.0 9.6538308e-01 4.9126955e-03
967.0 9.6571247e-01 4.9135336e-03
968.0 9.6342649e-01 4.9077146e-03
969.0 9.5934435e-01 4.8973063e-03
970.0 9.5778665e-01 4.8933288e-03
971.0 9.5366893e-01 4.8827987e-03
972.0 9.5744880e-01 4.8924657e-03
973.0 9.5338872e-01 4.8820814e-03
974.0 9.5653368e-01 4.8901270e-03
975.0 9.5979990e-01 4.8984689e-03
976.0 9.5648431e-01 4.8900008e-03
977.0 9.5114237e-01 4.8763264e-03
978.0 9.5647885e-01 4.8899869e-03
979.0 9.5510137e-01 4.8864644e-03
980.0 9.5259907e-01 4.8800591e-03
981.0 9.5837159e-01 4.8948228e-03
982.0 9.6145292e-01 4.9026853e-03
983.0 9.6647228e-01 4.9154661e-03
984.0 9.6347605e-01 4.9078408e-03
985.0 9.6343755e-01 4.9077428e-03
986.0 9.6194337e-01 4.9039356e-03
987.0 9.6108348e-01 4.9017433e-03
988.0 9.6064304e-01 4.9006200e-03
989.0 9.6541025e-01 4.9127646e-03
990.0 9.6837967e-01 4.9203142e-03
991.0 9.7183560e-01 4.9290861e-03
992.0 9.6838995e-01 4.9203403e-03
993.0 9.6807265e-01 4.9195342e-03
994.0 9.6888280e-01 4.9215923e-03
995.0 9.6973138e-01 4.9237470e-03
996.0 9.7286733e-01 4.9317019e-03
997.0 9.7450270e-01 4.9358452e-03
998.0 9.7857304e-01 4.9461426e-03
999.0 9.6886575e-01 4.9215490e-03
1000.0 9.6827789e-01 4.9200556e-03
