1.0 9.3018992e-01 4.8223177e-03
2.0 9.3139019e-01 4.8254280e-03
3.0 9.3411774e-01 4.8324884e-03
4.0 9.2843516e-01 4.8177670e-03
5.0 9.2782477e-01 4.8161831e-03
6.0 9.2418687e-01 4.8067320e-03
7.0 9.2008377e-01 4.7960499e-03
8.0 9.2618198e-01 4.8119175e-03
9.0 9.3392114e-01 4.8319798e-03
10.0 9.2530284e-01 4.8096332e-03
11.0 9.3322369e-01 4.8301752e-03
12.0 9.2788945e-01 4.8163510e-03
13.0 9.3784685e-01 4.8421247e-03
14.0 9.3379630e-01 4.8316568e-03
15.0 9.2998622e-01 4.8217897e-03
16.0 9.2483303e-01 4.8084120e-03
17.0 9.2158577e-01 4.7999630e-03
18.0 9.3192357e-01 4.8268094e-03
19.0 9.3849213e-01 4.8437902e-03
20.0 9.3709263e-01 4.8401773e-03
21.0 9.3610624e-01 4.8376292e-03
22.0 9.3078330e-01 4.8238556e-03
23.0 9.2428999e-01 4.8070001e-03
24.0 9.1668107e-01 4.7871732e-03
25.0 9.1554493e-01 4.7842056e-03
26.0 9.1636742e-01 4.7863541e-03
27.0 9.1944419e-01 4.7943827e-03
28.0 9.1642065e-01 4.7864931e-03
29.0 9.2094256e-01 4.7982876e-03
30.0 9.2814830e-01 4.8170227e-03
31.0 9.1338096e-01 4.7785483e-03
32.0 9.0070368e-01 4.7452705e-03
33.0 9.0398688e-01 4.7539113e-03
34.0 9.0664136e-01 4.7608859e-03
35.0 9.0256541e-01 4.7501722e-03
36.0 8.9865864e-01 4.7398804e-03
37.0 8.9898363e-01 4.7407374e-03
38.0 9.1373777e-01 4.7794816e-03
39.0 9.0517937e-01 4.7570458e-03
40.0 9.0166839e-01 4.7478111e-03
41.0 9.0013454e-01 4.7437710e-03
42.0 9.0312366e-01 4.7516410e-03
43.0 8.9467698e-01 4.7293683e-03
44.0 8.9306234e-01 4.7250988e-03
45.0 9.0403410e-01 4.7540354e-03
46.0 9.0380327e-01 4.7534284e-03
47.0 9.1736573e-01 4.7889606e-03
48.0 9.1082455e-01 4.7718565e-03
49.0 9.1045957e-01 4.7709003e-03
50.0 9.0040315e-01 4.7444788e-03
51.0 9.0829168e-01 4.7652169e-03
52.0 9.1503233e-01 4.7828661e-03
53.0 9.1387305e-01 4.7798354e-03
54.0 9.1860065e-01 4.7921829e-03
55.0 9.0747710e-01 4.7630796e-03
56.0 9.1265731e-01 4.7766550e-03
57.0 9.1594362e-01 4.7852472e-03
58.0 9.2178722e-01 4.8004875e-03
59.0 9.2930557e-01 4.8200248e-03
60.0 9.2701007e-01 4.8140681e-03
61.0 9.2510535e-01 4.8091199e-03
62.0 9.2124166e-01 4.7990668e-03
63.0 9.3179291e-01 4.8264711e-03
64.0 9.4168685e-01 4.8520276e-03
65.0 9.3148587e-01 4.8256758e-03
66.0 9.3879247e-01 4.8445652e-03
67.0 9.4222423e-01 4.8534118e-03
68.0 9.2975210e-01 4.8211827e-03
69.0 9.2782928e-01 4.8161948e-03
70.0 9.3366102e-01 4.8313068e-03
71.0 9.4748974e-01 4.8669542e-03
72.0 9.4957953e-01 4.8723186e-03
73.0 9.5079743e-01 4.8754421e-03
74.0 9.4189828e-01 4.8525722e-03
75.0 9.4688897e-01 4.8654110e-03
76.0 9.5033345e-01 4.8742524e-03
77.0 9.5169108e-01 4.8777328e-03
78.0 9.4268673e-01 4.8546028e-03
79.0 9.4488390e-01 4.8602570e-03
80.0 9.3093156e-01 4.8242398e-03
81.0 9.2906653e-01 4.8194049e-03
82.0 9.2289058e-01 4.8033597e-03
83.0 9.2576595e-01 4.8108366e-03
84.0 9.2714397e-01 4.8144158e-03
85.0 9.3174548e-01 4.8263482e-03
86.0 9.3352652e-01 4.8309588e-03
87.0 9.2460390e-01 4.8078163e-03
88.0 9.2082273e-01 4.7979755e-03
89.0 9.2847861e-01 4.8178798e-03
90.0 9.3100863e-01 4.8244395e-03
91.0 9.4709604e-01 4.8659430e-03
92.0 9.4491320e-01 4.8603323e-03
93.0 9.3293732e-01 4.8294341e-03
94.0 9.2742262e-01 4.8151392e-03
95.0 9.2416407e-01 4.8066727e-03
96.0 9.2417796e-01 4.8067088e-03
97.0 9.3318644e-01 4.8300788e-03
98.0 9.3871168e-01 4.8443567e-03
99.0 9.3751694e-01 4.8412730e-03
100.0 9.2977187e-01 4.8212340e-03
101.0 9.3070528e-01 4.8236534e-03
102.0 9.2634715e-01 4.8123465e-03
103.0 9.1767463e-01 4.7897668e-03
104.0 9.1553746e-01 4.7841861e-03
105.0 9.0951840e-01 4.7684337e-03
106.0 9.0328386e-01 4.7520624e-03
107.0 9.0206731e-01 4.7488612e-03
108.0 8.9700836e-01 4.7355263e-03
109.0 8.9363177e-01 4.7266050e-03
110.0 8.9333674e-01 4.7258247e-03
111.0 9.0813775e-01 4.7648131e-03
112.0 9.1309817e-01 4.7778086e-03
113.0 9.1398833e-01 4.7801369e-03
114.0 9.0888380e-01 4.7667699e-03
115.0 9.1254988e-01 4.7763739e-03
116.0 9.2852919e-01 4.8180110e-03
117.0 9.2857369e-01 4.8181264e-03
118.0 9.2736116e-01 4.8149797e-03
119.0 9.2845382e-01 4.8178155e-03
120.0 9.3548882e-01 4.8360336e-03
121.0 9.2627725e-01 4.8121649e-03
122.0 9.3027184e-01 4.8225301e-03
123.0 9.2947448e-01 4.8204629e-03
124.0 9.2992483e-01 4.8216305e-03
125.0 9.3386870e-01 4.8318441e-03
126.0 9.2587372e-01 4.8111166e-03
127.0 9.2259485e-01 4.8025901e-03
128.0 9.2542029e-01 4.8099384e-03
129.0 9.1954131e-01 4.7946358e-03
130.0 9.2157117e-01 4.7999249e-03
131.0 9.2418567e-01 4.8067288e-03
132.0 9.2694881e-01 4.8139091e-03
133.0 9.3550370e-01 4.8360720e-03
134.0 9.2970975e-01 4.8210729e-03
135.0 9.2126809e-01 4.7991356e-03
136.0 9.1536433e-01 4.7837337e-03
137.0 9.1966287e-01 4.7949528e-03
138.0 9.2101033e-01 4.7984642e-03
139.0 9.1532521e-01 4.7836315e-03
140.0 9.2396643e-01 4.8061586e-03
141.0 9.2761330e-01 4.8156342e-03
142.0 9.2782379e-01 4.8161805e-03
143.0 9.3591798e-01 4.8371427e-03
144.0 9.4349771e-01 4.8566905e-03
145.0 9.4263916e-01 4.8544803e-03
146.0 9.3231679e-01 4.8278277e-03
147.0 9.2459687e-01 4.8077980e-03
148.0 9.3800920e-01 4.8425438e-03
149.0 9.2504718e-01 4.8089687e-03
150.0 9.2209467e-01 4.8012881e-03
151.0 9.2065853e-01 4.7975477e-03
152.0 9.2119183e-01 4.7989370e-03
153.0 9.1823520e-01 4.7912295e-03
154.0 9.2156060e-01 4.7998974e-03
155.0 9.1903671e-01 4.7933201e-03
156.0 9.2090830e-01 4.7981984e-03
157.0 9.1441980e-01 4.7812650e-03
158.0 9.0920275e-01 4.7676062e-03
159.0 9.1560584e-01 4.7843648e-03
160.0 9.2623293e-01 4.8120498e-03
161.0 9.1795593e-01 4.7905009e-03
162.0 9.2466208e-01 4.8079676e-03
163.0 9.3714520e-01 4.8403130e-03
164.0 9.3238292e-01 4.8279989e-03
165.0 9.4113215e-01 4.8505983e-03
166.0 9.5153917e-01 4.8773435e-03
167.0 9.4783839e-01 4.8678496e-03
168.0 9.3804290e-01 4.8426308e-03
169.0 9.4151840e-01 4.8515936e-03
170.0 9.4226155e-01 4.8535079e-03
171.0 9.4684276e-01 4.8652923e-03
172.0 9.5358791e-01 4.8825913e-03
173.0 9.4802080e-01 4.8683180e-03
174.0 9.4668058e-01 4.8648756e-03
175.0 9.2941317e-01 4.8203039e-03
176.0 9.2698878e-01 4.8140128e-03
177.0 9.2102752e-01 4.7985090e-03
178.0 9.2433224e-01 4.8071100e-03
179.0 9.2345847e-01 4.8048373e-03
180.0 9.1007048e-01 4.7698807e-03
181.0 9.1614909e-01 4.7857839e-03
182.0 9.1583520e-01 4.7849640e-03
183.0 9.1289271e-01 4.7772710e-03
184.0 9.1008458e-01 4.7699177e-03
185.0 9.1367258e-01 4.7793111e-03
186.0 9.1374165e-01 4.7794918e-03
187.0 8.9885890e-01 4.7404085e-03
188.0 8.9910502e-01 4.7410574e-03
189.0 9.0250823e-01 4.7500217e-03
190.0 9.1598610e-01 4.7853582e-03
191.0 9.1173113e-01 4.7742307e-03
192.0 9.1587100e-01 4.7850575e-03
193.0 9.1418109e-01 4.7806409e-03
194.0 9.2355821e-01 4.8050968e-03
195.0 9.3116679e-01 4.8248492e-03
196.0 9.3548094e-01 4.8360132e-03
197.0 9.3323864e-01 4.8302139e-03
198.0 9.2011186e-01 4.7961231e-03
199.0 9.2264402e-01 4.8027181e-03
200.0 9.2305756e-01 4.8037942e-03
201.0 9.2180154e-01 4.8005248e-03
202.0 9.2275391e-01 4.8030041e-03
203.0 9.3282730e-01 4.8291493e-03
204.0 9.3841553e-01 4.8435925e-03
205.0 9.3904410e-01 4.8452144e-03
206.0 9.3403129e-01 4.8322647e-03
207.0 9.3586331e-01 4.8370014e-03
208.0 9.2875559e-01 4.8185983e-03
209.0 9.2350082e-01 4.8049475e-03
210.0 9.2771362e-01 4.8158946e-03
211.0 9.2673134e-01 4.8133444e-03
212.0 9.3106448e-01 4.8245842e-03
213.0 9.2836591e-01 4.8175874e-03
214.0 9.3932820e-01 4.8459473e-03
215.0 9.4223377e-01 4.8534364e-03
216.0 9.4278379e-01 4.8548527e-03
217.0 9.4660176e-01 4.8646731e-03
218.0 9.4640999e-01 4.8641803e-03
219.0 9.4554202e-01 4.8619493e-03
220.0 9.3716598e-01 4.8403667e-03
221.0 9.3580029e-01 4.8368386e-03
222.0 9.3237712e-01 4.8279839e-03
223.0 9.3682407e-01 4.8394836e-03
224.0 9.4430898e-01 4.8587781e-03
225.0 9.5120763e-01 4.8764937e-03
226.0 9.4686137e-01 4.8653401e-03
227.0 9.5316331e-01 4.8815042e-03
228.0 9.5489570e-01 4.8859383e-03
229.0 9.5230828e-01 4.8793142e-03
230.0 9.6145863e-01 4.9026999e-03
231.0 9.5997608e-01 4.8989185e-03
232.0 9.5785620e-01 4.8935064e-03
233.0 9.5865724e-01 4.8955522e-03
234.0 9.4688726e-01 4.8654066e-03
235.0 9.4219546e-01 4.8533377e-03
236.0 9.5469650e-01 4.8854286e-03
237.0 9.4640772e-01 4.8641745e-03
238.0 9.4178026e-01 4.8522682e-03
239.0 9.5351409e-01 4.8824023e-03
240.0 9.5096613e-01 4.8758746e-03
241.0 9.4915531e-01 4.8712301e-03
242.0 9.5268411e-01 4.8802769e-03
243.0 9.4444265e-01 4.8591220e-03
244.0 9.2566920e-01 4.8105852e-03
245.0 9.2542813e-01 4.8099588e-03
246.0 9.3651098e-01 4.8386749e-03
247.0 9.3350521e-01 4.8309037e-03
248.0 9.2931106e-01 4.8200391e-03
249.0 9.3028826e-01 4.8225726e-03
250.0 9.1322311e-01 4.7781354e-03
251.0 9.0753483e-01 4.7632312e-03
252.0 9.0402781e-01 4.7540189e-03
253.0 9.0714270e-01 4.7622020e-03
254.0 9.0975765e-01 4.7690609e-03
255.0 8.9844985e-01 4.7393298e-03
256.0 8.9255561e-01 4.7237581e-03
257.0 8.9215267e-01 4.7226917e-03
258.0 8.9876104e-01 4.7401504e-03
259.0 9.0886985e-01 4.7667333e-03
260.0 9.1590428e-01 4.7851444e-03
261.0 9.1547129e-01 4.7840132e-03
262.0 9.1882127e-01 4.7927583e-03
263.0 9.1500067e-01 4.7827834e-03
264.0 9.1640640e-01 4.7864559e-03
265.0 9.2213146e-01 4.8013838e-03
266.0 9.1859243e-01 4.7921614e-03
267.0 9.2229872e-01 4.8018193e-03
268.0 9.3073287e-01 4.8237249e-03
269.0 9.3340390e-01 4.8306415e-03
270.0 9.3002778e-01 4.8218974e-03
271.0 9.3583363e-01 4.8369247e-03
272.0 9.3391515e-01 4.8319643e-03
273.0 9.2784382e-01 4.8162325e-03
274.0 9.3810240e-01 4.8427844e-03
275.0 9.4642404e-01 4.8642164e-03
276.0 9.3543795e-01 4.8359021e-03
277.0 9.2920842e-01 4.8197729e-03
278.0 9.3332870e-01 4.8304469e-03
279.0 9.4018352e-01 4.8481531e-03
280.0 9.4137008e-01 4.8512114e-03
281.0 9.3199242e-01 4.8269878e-03
282.0 9.3904885e-01 4.8452267e-03
283.0 9.3639192e-01 4.8383673e-03
284.0 9.3599020e-01 4.8373294e-03
285.0 9.3353778e-01 4.8309880e-03
286.0 9.3814080e-01 4.8428835e-03
287.0 9.3495492e-01 4.8346534e-03
288.0 9.3224410e-01 4.8276395e-03
289.0 9.3840235e-01 4.8435585e-03
290.0 9.3679004e-01 4.8393958e-03
291.0 9.4533644e-01 4.8614207e-03
292.0 9.4175707e-01 4.8522085e-03
293.0 9.4343708e-01 4.8565345e-03
294.0 9.4881084e-01 4.8703461e-03
295.0 9.4469593e-01 4.8597735e-03
296.0 9.4496264e-01 4.8604595e-03
297.0 9.3335704e-01 4.8305203e-03
298.0 9.2909537e-01 4.8194797e-03
299.0 9.2303045e-01 4.8037237e-03
300.0 9.3015669e-01 4.8222316e-03
301.0 9.3602437e-01 4.8374176e-03
302.0 9.2758642e-01 4.8155644e-03
303.0 9.2008712e-01 4.7960586e-03
304.0 9.1991201e-01 4.7956022e-03
305.0 9.3149053e-01 4.8256879e-03
306.0 9.3642949e-01 4.8384644e-03
307.0 9.3258291e-01 4.8285166e-03
308.0 9.2470428e-01 4.8080773e-03
309.0 9.2911605e-01 4.8195333e-03
310.0 9.3080623e-01 4.8239150e-03
311.0 9.2565190e-01 4.8105403e-03
312.0 9.1362001e-01 4.7791736e-03
313.0 9.1264700e-01 4.7766280e-03
314.0 9.1207422e-01 4.7751289e-03
315.0 9.2247764e-01 4.8022850e-03
316.0 9.0966366e-01 4.7688145e-03
317.0 8.9968925e-01 4.7425976e-03
318.0 8.9469051e-01 4.7294041e-03
319.0 8.9486562e-01 4.7298669e-03
320.0 8.9730900e-01 4.7363198e-03
321.0 9.0197258e-01 4.7486119e-03
322.0 9.1292679e-01 4.7773601e-03
323.0 9.2308960e-01 4.8038776e-03
324.0 9.1892372e-01 4.7930255e-03
325.0 9.3232773e-01 4.8278560e-03
326.0 9.3609482e-01 4.8375997e-03
327.0 9.2992442e-01 4.8216295e-03
328.0 9.3099142e-01 4.8243949e-03
329.0 9.3900979e-01 4.8451259e-03
330.0 9.3595740e-01 4.8372446e-03
331.0 9.3291452e-01 4.8293750e-03
332.0 9.3923188e-01 4.8456989e-03
333.0 9.2980024e-01 4.8213075e-03
334.0 9.3720129e-01 4.8404579e-03
335.0 9.3090549e-01 4.8241722e-03
336.0 9.3013432e-01 4.8221736e-03
337.0 9.2507634e-01 4.8090445e-03
338.0 9.2890527e-01 4.8189866e-03
339.0 9.2947932e-01 4.8204754e-03
340.0 9.3324890e-01 4.8302404e-03
341.0 9.2755893e-01 4.8154931e-03
342.0 9.2622593e-01 4.8120316e-03
343.0 9.1763818e-01 4.7896717e-03
344.0 9.2672486e-01 4.8133275e-03
345.0 9.1926973e-01 4.7939278e-03
346.0 9.2682783e-01 4.8135949e-03
347.0 9.2330262e-01 4.8044319e-03
348.0 9.3245651e-01 4.8281894e-03
349.0 9.3668670e-01 4.8391288e-03
350.0 9.4489024e-01 4.8602733e-03
351.0 9.3170449e-01 4.8262421e-03
352.0 9.3358205e-01 4.8311025e-03
353.0 9.2535613e-01 4.8097717e-03
354.0 9.2894403e-01 4.8190871e-03
355.0 9.3318379e-01 4.8300719e-03
356.0 9.2628884e-01 4.8121951e-03
357.0 9.3273968e-01 4.8289225e-03
358.0 9.3477041e-01 4.8341763e-03
359.0 9.3555151e-01 4.8361956e-03
360.0 9.3532481e-01 4.8356096e-03
361.0 9.3076803e-01 4.8238160e-03
362.0 9.3049244e-01 4.8231018e-03
363.0 9.2688079e-01 4.8137324e-03
364.0 9.2645129e-01 4.8126170e-03
365.0 9.2397085e-01 4.8061702e-03
366.0 9.2651423e-01 4.8127805e-03
367.0 9.2643473e-01 4.8125740e-03
368.0 9.2134094e-01 4.7993253e-03
369.0 9.2514779e-01 4.8092302e-03
370.0 9.2437075e-01 4.8072101e-03
371.0 9.2938430e-01 4.8202290e-03
372.0 9.4224904e-01 4.8534757e-03
373.0 9.5054311e-01 4.8747901e-03
374.0 9.6081526e-01 4.9010592e-03
375.0 9.5610935e-01 4.8890422e-03
376.0 9.5154949e-01 4.8773699e-03
377.0 9.4385033e-01 4.8575980e-03
378.0 9.3394651e-01 4.8320454e-03
379.0 9.4034798e-01 4.8485771e-03
380.0 9.4921418e-01 4.8713812e-03
381.0 9.4588426e-01 4.8628291e-03
382.0 9.3243256e-01 4.8281274e-03
383.0 9.2923914e-01 4.8198526e-03
384.0 9.2804240e-01 4.8167479e-03
385.0 9.2899104e-01 4.8192091e-03
386.0 9.2992018e-01 4.8216185e-03
387.0 9.3343265e-01 4.8307159e-03
388.0 9.2322978e-01 4.8042424e-03
389.0 9.2623119e-01 4.8120453e-03
390.0 9.1637554e-01 4.7863753e-03
391.0 9.1280141e-01 4.7770321e-03
392.0 9.1754699e-01 4.7894337e-03
393.0 9.1898003e-01 4.7931723e-03
394.0 9.2797856e-01 4.8165822e-03
395.0 9.2539948e-01 4.8098843e-03
396.0 9.2583576e-01 4.8110180e-03
397.0 9.2806555e-01 4.8168080e-03
398.0 9.2902640e-01 4.8193008e-03
399.0 9.2151318e-01 4.7997739e-03
400.0 9.3180568e-01 4.8265041e-03
401.0 9.3275496e-01 4.8289620e-03
402.0 9.4654568e-01 4.8645290e-03
403.0 9.4286271e-01 4.8550559e-03
404.0 9.5345754e-01 4.8822575e-03
405.0 9.5657114e-01 4.8902228e-03
406.0 9.6035233e-01 4.8998784e-03
407.0 9.4948886e-01 4.8720860e-03
408.0 9.6653161e-01 4.9156170e-03
409.0 9.6765224e-01 4.9184658e-03
410.0 9.5570829e-01 4.8880167e-03
411.0 9.4929695e-01 4.8715936e-03
412.0 9.5125881e-01 4.8766249e-03
413.0 9.4988560e-01 4.8731038e-03
414.0 9.3380323e-01 4.8316748e-03
415.0 9.4053475e-01 4.8490586e-03
416.0 9.3688411e-01 4.8396387e-03
417.0 9.4858992e-01 4.8697791e-03
418.0 9.4915728e-01 4.8712352e-03
419.0 9.5251259e-01 4.8798376e-03
420.0 9.5008821e-01 4.8736235e-03
421.0 9.6015842e-01 4.8993837e-03
422.0 9.5065942e-01 4.8750883e-03
423.0 9.5104468e-01 4.8760760e-03
424.0 9.4510354e-01 4.8608218e-03
425.0 9.4455451e-01 4.8594097e-03
426.0 9.4058050e-01 4.8491765e-03
427.0 9.4564538e-01 4.8622150e-03
428.0 9.3480632e-01 4.8342691e-03
429.0 9.3321678e-01 4.8301573e-03
430.0 9.4022453e-01 4.8482588e-03
431.0 9.4208382e-01 4.8530502e-03
432.0 9.4956513e-01 4.8722816e-03
433.0 9.4285993e-01 4.8550488e-03
434.0 9.4056062e-01 4.8491252e-03
435.0 9.4623504e-01 4.8637307e-03
436.0 9.5330686e-01 4.8818718e-03
437.0 9.4754957e-01 4.8671079e-03
438.0 9.5825157e-01 4.8945163e-03
439.0 9.6068828e-01 4.9007354e-03
440.0 9.6693897e-01 4.9166528e-03
441.0 9.6244248e-01 4.9052077e-03
442.0 9.5472299e-01 4.8854964e-03
443.0 9.6550378e-01 4.9130026e-03
444.0 9.5815677e-01 4.8942741e-03
445.0 9.5982312e-01 4.8985282e-03
446.0 9.6787913e-01 4.9190424e-03
447.0 9.6363555e-01 4.9082470e-03
448.0 9.5488550e-01 4.8859122e-03
449.0 9.5223090e-01 4.8791160e-03
450.0 9.5734373e-01 4.8921972e-03
451.0 9.5778972e-01 4.8933366e-03
452.0 9.4872430e-01 4.8701240e-03
453.0 9.4879182e-01 4.8702973e-03
454.0 9.5263832e-01 4.8801597e-03
455.0 9.5896463e-01 4.8963370e-03
456.0 9.6282458e-01 4.9061813e-03
457.0 9.6419255e-01 4.9096654e-03
458.0 9.6339765e-01 4.9076411e-03
459.0 9.5797075e-01 4.8937990e-03
460.0 9.5622703e-01 4.8893431e-03
461.0 9.6112227e-01 4.9018422e-03
462.0 9.5286056e-01 4.8807289e-03
463.0 9.5065604e-01 4.8750796e-03
464.0 9.5487972e-01 4.8858974e-03
465.0 9.4184088e-01 4.8524244e-03
466.0 9.4939616e-01 4.8718481e-03
467.0 9.4458653e-01 4.8594921e-03
468.0 9.4389880e-01 4.8577227e-03
469.0 9.4428907e-01 4.8587269e-03
470.0 9.4590127e-01 4.8628728e-03
471.0 9.4833491e-01 4.8691245e-03
472.0 9.5904777e-01 4.8965492e-03
473.0 9.6219527e-01 4.9045777e-03
474.0 9.6376567e-01 4.9085784e-03
475.0 9.7389773e-01 4.9343129e-03
476.0 9.6367216e-01 4.9083403e-03
477.0 9.5910798e-01 4.8967029e-03
478.0 9.5931310e-01 4.8972265e-03
479.0 9.4250810e-01 4.8541428e-03
480.0 9.4017922e-01 4.8481420e-03
481.0 9.4531808e-01 4.8613735e-03
482.0 9.4324413e-01 4.8560378e-03
483.0 9.4358048e-01 4.8569036e-03
484.0 9.4920960e-01 4.8713694e-03
485.0 9.4797255e-01 4.8681941e-03
486.0 9.4234365e-01 4.8537193e-03
487.0 9.4236778e-01 4.8537815e-03
488.0 9.3813407e-01 4.8428661e-03
489.0 9.4685913e-01 4.8653344e-03
490.0 9.5022894e-01 4.8739844e-03
491.0 9.5178256e-01 4.8779672e-03
492.0 9.4766357e-01 4.8674007e-03
493.0 9.4724667e-01 4.8663299e-03
494.0 9.4484811e-01 4.8601649e-03
495.0 9.3639016e-01 4.8383628e-03
496.0 9.3001231e-01 4.8218573e-03
497.0 9.2602090e-01 4.8114990e-03
498.0 9.2206998e-01 4.8012238e-03
499.0 9.2898299e-01 4.8191882e-03
500.0 9.3348533e-01 4.8308523e-03
501.0 9.3067884e-01 4.8235849e-03
502.0 9.4428439e-01 4.8587148e-03
503.0 9.3972932e-01 4.8469819e-03
504.0 9.3623333e-01 4.8379576e-03
505.0 9.4440853e-01 4.8590342e-03
506.0 9.3257123e-01 4.8284864e-03
507.0 9.3752524e-01 4.8412944e-03
508.0 9.3664922e-01 4.8390320e-03
509.0 9.3955295e-01 4.8465270e-03
510.0 9.3449465e-01 4.8334632e-03
511.0 9.2455652e-01 4.8076931e-03
512.0 9.2070014e-01 4.7976561e-03
513.0 9.2814284e-01 4.8170085e-03
514.0 9.2630956e-01 4.8122489e-03
515.0 9.1553505e-01 4.7841798e-03
516.0 9.1419295e-01 4.7806719e-03
517.0 9.1747740e-01 4.7892521e-03
518.0 9.0727301e-01 4.7625440e-03
519.0 9.0646556e-01 4.7604243e-03
520.0 9.0374745e-01 4.7532816e-03
521.0 9.0501259e-01 4.7566075e-03
522.0 9.0526727e-01 4.7572767e-03
523.0 9.1083065e-01 4.7718724e-03
524.0 9.1592305e-01 4.7851935e-03
525.0 9.1356054e-01 4.7790181e-03
526.0 9.1851863e-01 4.7919689e-03
527.0 9.2017071e-01 4.7962765e-03
528.0 9.2490507e-01 4.8085993e-03
529.0 9.2409815e-01 4.8065012e-03
530.0 9.2165985e-01 4.8001559e-03
531.0 9.2074993e-01 4.7977858e-03
532.0 9.2469059e-01 4.8080417e-03
533.0 9.1429991e-01 4.7809516e-03
534.0 9.1262770e-01 4.7765775e-03
535.0 9.1372595e-01 4.7794507e-03
536.0 9.0946874e-01 4.7683035e-03
537.0 9.1659895e-01 4.7869587e-03
538.0 9.1917543e-01 4.7936819e-03
539.0 9.1793563e-01 4.7904479e-03
540.0 9.1896471e-01 4.7931324e-03
541.0 9.1893239e-01 4.7930481e-03
542.0 9.1747484e-01 4.7892454e-03
543.0 9.2314022e-01 4.8040093e-03
544.0 9.3342813e-01 4.8307043e-03
545.0 9.2723529e-01 4.8146529e-03
546.0 9.3152941e-01 4.8257886e-03
547.0 9.3610640e-01 4.8376296e-03
548.0 9.4395032e-01 4.8578553e-03
549.0 9.3571285e-01 4.8366126e-03
550.0 9.2538170e-01 4.8098381e-03
551.0 9.1872232e-01 4.7925002e-03
552.0 9.1165516e-01 4.7740318e-03
553.0 9.0731145e-01 4.7626449e-03
554.0 9.0635433e-01 4.7601322e-03
555.0 9.1408705e-01 4.7803950e-03
556.0 9.1660018e-01 4.7869619e-03
557.0 9.2168094e-01 4.8002108e-03
558.0 9.1182743e-01 4.7744828e-03
559.0 9.2847415e-01 4.8178682e-03
560.0 9.1856061e-01 4.7920784e-03
561.0 9.2479755e-01 4.8083198e-03
562.0 9.3607983e-01 4.8375610e-03
563.0 9.3756480e-01 4.8413965e-03
564.0 9.3292856e-01 4.8294114e-03
565.0 9.4696885e-01 4.8656162e-03
566.0 9.3880872e-01 4.8446071e-03
567.0 9.3527974e-01 4.8354931e-03
568.0 9.3382345e-01 4.8317271e-03
569.0 9.3243316e-01 4.8281289e-03
570.0 9.1940909e-01 4.7942911e-03
571.0 9.2261141e-01 4.8026332e-03
572.0 9.2353757e-01 4.8050431e-03
573.0 9.1995054e-01 4.7957026e-03
574.0 9.1283900e-01 4.7771305e-03
575.0 9.1166003e-01 4.7740445e-03
576.0 9.1942112e-01 4.7943225e-03
577.0 9.1162547e-01 4.7739540e-03
578.0 9.2027784e-01 4.7965557e-03
579.0 9.2576309e-01 4.8108292e-03
580.0 9.2293154e-01 4.8034663e-03
581.0 9.2180401e-01 4.8005313e-03
582.0 9.1841961e-01 4.7917106e-03
583.0 9.2325626e-01 4.8043113e-03
584.0 9.3226669e-01 4.8276979e-03
585.0 9.3292871e-01 4.8294118e-03
586.0 9.2842800e-01 4.8177485e-03
587.0 9.3332190e-01 4.8304293e-03
588.0 9.2880109e-01 4.8187164e-03
589.0 9.3053864e-01 4.8232216e-03
590.0 9.4839155e-01 4.8692699e-03
591.0 9.5147219e-01 4.8771718e-03
592.0 9.5227680e-01 4.8792336e-03
593.0 9.3266029e-01 4.8287170e-03
594.0 9.2964842e-01 4.8209139e-03
595.0 9.2729750e-01 4.8148144e-03
596.0 9.3005473e-01 4.8219673e-03
597.0 9.2747858e-01 4.8152845e-03
598.0 9.2167169e-01 4.8001867e-03
599.0 9.2575648e-01 4.8108120e-03
600.0 9.2250612e-01 4.8023591e-03
601.0 9.3583981e-01 4.8369407e-03
602.0 9.3532103e-01 4.8355999e-03
603.0 9.2904810e-01 4.8193571e-03
604.0 9.3518742e-01 4.8352545e-03
605.0 9.3238719e-01 4.8280100e-03
606.0 9.3655173e-01 4.8387802e-03
607.0 9.4182721e-01 4.8523891e-03
608.0 9.3868695e-01 4.8442929e-03
609.0 9.4604792e-01 4.8632498e-03
610.0 9.5091682e-01 4.8757482e-03
611.0 9.3599116e-01 4.8373318e-03
612.0 9.3814907e-01 4.8429048e-03
613.0 9.2429574e-01 4.8070150e-03
614.0 9.3075668e-01 4.8237866e-03
615.0 9.3038552e-01 4.8228247e-03
616.0 9.3679952e-01 4.8394202e-03
617.0 9.3304314e-01 4.8297079e-03
618.0 9.3287011e-01 4.8292601e-03
619.0 9.2608843e-01 4.8116744e-03
620.0 9.3488952e-01 4.8344843e-03
621.0 9.3616934e-01 4.8377922e-03
622.0 9.3221784e-01 4.8275715e-03
623.0 9.4629540e-01 4.8638858e-03
624.0 9.4363956e-01 4.8570556e-03
625.0 9.2820926e-01 4.8171809e-03
626.0 9.2969672e-01 4.8210391e-03
627.0 9.2540517e-01 4.8098991e-03
628.0 9.1955309e-01 4.7946666e-03
629.0 9.2416262e-01 4.8066689e-03
630.0 9.2356075e-01 4.8051034e-03
631.0 9.4436834e-01 4.8589308e-03
632.0 9.3723302e-01 4.8405398e-03
633.0 9.3059062e-01 4.8233563e-03
634.0 9.3107258e-01 4.8246051e-03
635.0 9.2266157e-01 4.8027637e-03
636.0 9.1826454e-01 4.7913060e-03
637.0 9.1459715e-01 4.7817287e-03
638.0 9.1427169e-01 4.7808778e-03
639.0 9.2485044e-01 4.8084573e-03
640.0 9.1656824e-01 4.7868786e-03
641.0 9.1044557e-01 4.7708636e-03
642.0 9.1576791e-01 4.7847882e-03
643.0 9.2233281e-01 4.8019080e-03
644.0 9.2389502e-01 4.8059729e-03
645.0 9.3263950e-01 4.8286631e-03
646.0 9.3825902e-01 4.8431886e-03
647.0 9.4707463e-01 4.8658880e-03
648.0 9.4383061e-01 4.8575473e-03
649.0 9.4322061e-01 4.8559773e-03
650.0 9.3742864e-01 4.8410450e-03
651.0 9.3414148e-01 4.8325498e-03
652.0 9.3721230e-01 4.8404863e-03
653.0 9.3268910e-01 4.8287915e-03
654.0 9.2789580e-01 4.8163674e-03
655.0 9.3556549e-01 4.8362317e-03
656.0 9.4217950e-01 4.8532966e-03
657.0 9.4142000e-01 4.8513400e-03
658.0 9.4212423e-01 4.8531542e-03
659.0 9.4284150e-01 4.8550013e-03
660.0 9.4679294e-01 4.8651643e-03
661.0 9.5109776e-01 4.8762121e-03
662.0 9.5066603e-01 4.8751052e-03
663.0 9.5216614e-01 4.8789501e-03
664.0 9.5517245e-01 4.8866463e-03
665.0 9.6322730e-01 4.9072072e-03
666.0 9.6470168e-01 4.9109614e-03
667.0 9.5734642e-01 4.8922041e-03
668.0 9.6700622e-01 4.9168237e-03
669.0 9.6950909e-01 4.9231827e-03
670.0 9.6556118e-01 4.9131487e-03
671.0 9.5410910e-01 4.8839255e-03
672.0 9.4946564e-01 4.8720264e-03
673.0 9.5703015e-01 4.8913959e-03
674.0 9.5899600e-01 4.8964171e-03
675.0 9.6448345e-01 4.9104059e-03
676.0 9.7329120e-01 4.9327761e-03
677.0 9.6589122e-01 4.9139883e-03
678.0 9.6154667e-01 4.9029243e-03
679.0 9.5188533e-01 4.8782306e-03
680.0 9.4154193e-01 4.8516542e-03
681.0 9.2971639e-01 4.8210901e-03
682.0 9.2137475e-01 4.7994134e-03
683.0 9.1736572e-01 4.7889606e-03
684.0 9.2558401e-01 4.8103639e-03
685.0 9.2225363e-01 4.8017019e-03
686.0 9.2740966e-01 4.8151056e-03
687.0 9.1539602e-01 4.7838165e-03
688.0 9.2138165e-01 4.7994314e-03
689.0 9.1597063e-01 4.7853178e-03
690.0 9.0493398e-01 4.7564009e-03
691.0 9.1287314e-01 4.7772198e-03
692.0 9.0068357e-01 4.7452176e-03
693.0 8.9859598e-01 4.7397151e-03
694.0 9.0081617e-01 4.7455668e-03
695.0 8.9928860e-01 4.7415414e-03
696.0 9.0198496e-01 4.7486445e-03
697.0 9.0598398e-01 4.7591596e-03
698.0 9.0552617e-01 4.7579570e-03
699.0 9.0119329e-01 4.7465601e-03
700.0 8.9731416e-01 4.7363334e-03
701.0 9.0390970e-01 4.7537083e-03
702.0 9.0692326e-01 4.7616260e-03
703.0 9.0028059e-01 4.7441559e-03
704.0 9.0095825e-01 4.7459411e-03
705.0 9.0362887e-01 4.7529698e-03
706.0 9.0494203e-01 4.7564221e-03
707.0 9.1540330e-01 4.7838356e-03
708.0 9.2593365e-01 4.8112723e-03
709.0 9.2830415e-01 4.8174271e-03
710.0 9.3639848e-01 4.8383843e-03
711.0 9.3626790e-01 4.8380469e-03
712.0 9.2471343e-01 4.8081011e-03
713.0 9.2619169e-01 4.8119427e-03
714.0 9.2291893e-01 4.8034335e-03
715.0 9.1695271e-01 4.7878824e-03
716.0 9.2241102e-01 4.8021116e-03
717.0 9.3184449e-01 4.8266047e-03
718.0 9.4209168e-01 4.8530704e-03
719.0 9.4211649e-01 4.8531343e-03
720.0 9.3753270e-01 4.8413136e-03
721.0 9.4088171e-01 4.8499529e-03
722.0 9.4687179e-01 4.8653669e-03
723.0 9.3742644e-01 4.8410393e-03
724.0 9.2682604e-01 4.8135903e-03
725.0 9.3627628e-01 4.8380685e-03
726.0 9.4075697e-01 4.8496314e-03
727.0 9.4482609e-01 4.8601083e-03
728.0 9.4552504e-01 4.8619056e-03
729.0 9.3605775e-01 4.8375039e-03
730.0 9.3075858e-01 4.8237915e-03
731.0 9.2169241e-01 4.8002407e-03
732.0 9.2685128e-01 4.8136558e-03
733.0 9.2383577e-01 4.8058188e-03
734.0 9.2589787e-01 4.8111794e-03
735.0 9.3172877e-01 4.8263050e-03
736.0 9.3270383e-01 4.8288297e-03
737.0 9.2988647e-01 4.8215311e-03
738.0 9.2623703e-01 4.8120605e-03
739.0 9.2182655e-01 4.8005900e-03
740.0 9.1632983e-01 4.7862559e-03
741.0 9.1604320e-01 4.7855073e-03
742.0 9.2334238e-01 4.8045353e-03
743.0 9.2009078e-01 4.7960682e-03
744.0 9.2280023e-01 4.8031246e-03
745.0 9.1819340e-01 4.7911205e-03
746.0 9.1038767e-01 4.7707119e-03
747.0 9.0248119e-01 4.7499505e-03
748.0 9.0103135e-01 4.7461336e-03
749.0 9.0225143e-01 4.7493458e-03
750.0 9.0473105e-01 4.7558676e-03
751.0 8.9794001e-01 4.7379849e-03
752.0 9.0039533e-01 4.7444582e-03
753.0 9.0440102e-01 4.7550001e-03
754.0 9.0768995e-01 4.7636382e-03
755.0 9.1230940e-01 4.7757445e-03
756.0 9.2448731e-01 4.8075132e-03
757.0 9.2372576e-01 4.8055327e-03
758.0 9.2046566e-01 4.7970451e-03
759.0 9.1113591e-01 4.7726720e-03
760.0 9.2381974e-01 4.8057771e-03
761.0 9.1887528e-01 4.7928991e-03
762.0 9.1272797e-01 4.7768399e-03
763.0 9.2274225e-01 4.8029737e-03
764.0 9.2213679e-01 4.8013977e-03
765.0 9.1938477e-01 4.7942277e-03
766.0 9.1510374e-01 4.7830528e-03
767.0 9.1390641e-01 4.7799226e-03
768.0 9.2318807e-01 4.8041339e-03
769.0 9.2700161e-01 4.8140462e-03
770.0 9.3228943e-01 4.8277568e-03
771.0 9.2337756e-01 4.8046268e-03
772.0 9.3012911e-01 4.8221601e-03
773.0 9.2743752e-01 4.8151779e-03
774.0 9.2869555e-01 4.8184426e-03
775.0 9.4177783e-01 4.8522619e-03
776.0 9.4928687e-01 4.8715677e-03
777.0 9.4169248e-01 4.8520421e-03
778.0 9.3740048e-01 4.8409723e-03
779.0 9.3393396e-01 4.8320130e-03
780.0 9.4283498e-01 4.8549845e-03
781.0 9.4260457e-01 4.8543913e-03
782.0 9.3197565e-01 4.8269443e-03
783.0 9.3448812e-01 4.8334463e-03
784.0 9.3954098e-01 4.8464961e-03
785.0 9.2540959e-01 4.8099106e-03
786.0 9.3109880e-01 4.8246731e-03
787.0 9.3507811e-01 4.8349719e-03
788.0 9.3912423e-01 4.8454211e-03
789.0 9.2969532e-01 4.8210355e-03
790.0 9.3275406e-01 4.8289597e-03
791.0 9.4029126e-01 4.8484309e-03
792.0 9.4070099e-01 4.8494871e-03
793.0 9.4061229e-01 4.8492584e-03
794.0 9.4179228e-01 4.8522992e-03
795.0 9.5199147e-01 4.8785025e-03
796.0 9.5343001e-01 4.8821871e-03
797.0 9.4448930e-01 4.8592420e-03
798.0 9.4844694e-01 4.8694121e-03
799.0 9.6169110e-01 4.9032925e-03
800.0 9.5742920e-01 4.8924156e-03
801.0 9.4738914e-01 4.8666959e-03
802.0 9.5172192e-01 4.8778118e-03
803.0 9.4734992e-01 4.8665951e-03
804.0 9.4432042e-01 4.8588076e-03
805.0 9.4008188e-01 4.8478910e-03
806.0 9.4031081e-01 4.8484813e-03
807.0 9.3280330e-01 4.8290871e-03
808.0 9.4415509e-01 4.8583822e-03
809.0 9.4438523e-01 4.8589743e-03
810.0 9.5303495e-01 4.8811755e-03
811.0 9.5118090e-01 4.8764252e-03
812.0 9.4378182e-01 4.8574217e-03
813.0 9.4818795e-01 4.8687472e-03
814.0 9.5163586e-01 4.8775913e-03
815.0 9.5224868e-01 4.8791615e-03
816.0 9.6221790e-01 4.9046353e-03
817.0 9.5380897e-01 4.8831572e-03
818.0 9.5494231e-01 4.8860575e-03
819.0 9.5218020e-01 4.8789861e-03
820.0 9.4802900e-01 4.8683391e-03
821.0 9.4469639e-01 4.8597747e-03
822.0 9.5050787e-01 4.8746997e-03
823.0 9.3950633e-01 4.8464068e-03
824.0 9.4257561e-01 4.8543167e-03
825.0 9.4690064e-01 4.8654410e-03
826.0 9.4744449e-01 4.8668381e-03
827.0 9.3603505e-01 4.8374452e-03
828.0 9.2882766e-01 4.8187853e-03
829.0 9.3018594e-01 4.8223074e-03
830.0 9.2161753e-01 4.8000457e-03
831.0 9.1622080e-01 4.7859712e-03
832.0 9.0343041e-01 4.7524478e-03
833.0 9.0849508e-01 4.7657504e-03
834.0 9.0987525e-01 4.7693691e-03
835.0 9.1953667e-01 4.7946238e-03
836.0 9.2877433e-01 4.8186469e-03
837.0 9.2332836e-01 4.8044988e-03
838.0 9.1763828e-01 4.7896719e-03
839.0 9.2248467e-01 4.8023033e-03
840.0 9.2528578e-01 4.8095888e-03
841.0 9.2077287e-01 4.7978456e-03
842.0 9.2355739e-01 4.8050947e-03
843.0 9.2306154e-01 4.8038046e-03
844.0 9.2678107e-01 4.8134735e-03
845.0 9.2806460e-01 4.8168055e-03
846.0 9.2352478e-01 4.8050099e-03
847.0 9.1415039e-01 4.7805606e-03
848.0 9.0814903e-01 4.7648427e-03
849.0 9.1543206e-01 4.7839107e-03
850.0 9.1684310e-01 4.7875962e-03
851.0 9.1380372e-01 4.7796541e-03
852.0 9.1687629e-01 4.7876829e-03
853.0 9.2249583e-01 4.8023323e-03
854.0 9.2774207e-01 4.8159684e-03
855.0 9.3483133e-01 4.8343338e-03
856.0 9.3308644e-01 4.8298200e-03
857.0 9.3705169e-01 4.8400715e-03
858.0 9.3099208e-01 4.8243966e-03
859.0 9.3674498e-01 4.8392794e-03
860.0 9.3287851e-01 4.8292818e-03
861.0 9.2693197e-01 4.8138653e-03
862.0 9.2144056e-01 4.7995848e-03
863.0 9.2897077e-01 4.8191565e-03
864.0 9.3219909e-01 4.8275229e-03
865.0 9.2937298e-01 4.8201997e-03
866.0 9.2739240e-01 4.8150608e-03
867.0 9.3216608e-01 4.8274375e-03
868.0 9.4034007e-01 4.8485567e-03
869.0 9.4341014e-01 4.8564651e-03
870.0 9.4189328e-01 4.8525593e-03
871.0 9.4607396e-01 4.8633167e-03
872.0 9.4480656e-01 4.8600581e-03
873.0 9.5189708e-01 4.8782607e-03
874.0 9.6746903e-01 4.9180002e-03
875.0 9.6867330e-01 4.9210601e-03
876.0 9.6542385e-01 4.9127993e-03
877.0 9.6507792e-01 4.9119190e-03
878.0 9.6011935e-01 4.8992840e-03
879.0 9.5881723e-01 4.8959607e-03
880.0 9.5952844e-01 4.8977761e-03
881.0 9.5131926e-01 4.8767799e-03
882.0 9.4257045e-01 4.8543034e-03
883.0 9.4976982e-01 4.8728068e-03
884.0 9.3388523e-01 4.8318869e-03
885.0 9.2634453e-01 4.8123397e-03
886.0 9.3298230e-01 4.8295505e-03
887.0 9.2928337e-01 4.8199673e-03
888.0 9.3107514e-01 4.8246118e-03
889.0 9.2864720e-01 4.8183172e-03
890.0 9.2982208e-01 4.8213641e-03
891.0 9.2698975e-01 4.8140154e-03
892.0 9.2412771e-01 4.8065781e-03
893.0 9.2470586e-01 4.8080814e-03
894.0 9.2849213e-01 4.8179148e-03
895.0 9.2387273e-01 4.8059149e-03
896.0 9.2667138e-01 4.8131886e-03
897.0 9.3165884e-01 4.8261238e-03
898.0 9.3720372e-01 4.8404642e-03
899.0 9.3396443e-01 4.8320918e-03
900.0 9.3379693e-01 4.8316585e-03
901.0 9.2302440e-01 4.8037080e-03
902.0 9.2433842e-01 4.8071260e-03
903.0 9.2825231e-01 4.8172926e-03
904.0 9.3104375e-01 4.8245304e-03
905.0 9.3192011e-01 4.8268005e-03
906.0 9.3974846e-01 4.8470312e-03
907.0 9.4752281e-01 4.8670392e-03
908.0 9.3722796e-01 4.8405267e-03
909.0 9.3544222e-01 4.8359131e-03
910.0 9.3228778e-01 4.8277526e-03
911.0 9.2515176e-01 4.8092405e-03
912.0 9.2123113e-01 4.7990393e-03
913.0 9.3173101e-01 4.8263108e-03
914.0 9.3090613e-01 4.8241739e-03
915.0 9.2761443e-01 4.8156371e-03
916.0 9.3415656e-01 4.8325888e-03
917.0 9.2802426e-01 4.8167008e-03
918.0 9.3349455e-01 4.8308761e-03
919.0 9.4318328e-01 4.8558812e-03
920.0 9.5227316e-01 4.8792242e-03
921.0 9.4930127e-01 4.8716047e-03
922.0 9.6082454e-01 4.9010829e-03
923.0 9.4950367e-01 4.8721240e-03
924.0 9.4871462e-01 4.8700992e-03
925.0 9.5076079e-01 4.8753482e-03
926.0 9.4367221e-01 4.8571397e-03
927.0 9.4289983e-01 4.8551515e-03
928.0 9.3402120e-01 4.8322386e-03
929.0 9.3416104e-01 4.8326004e-03
930.0 9.3123283e-01 4.8250203e-03
931.0 9.4845338e-01 4.8694286e-03
932.0 9.4804249e-01 4.8683737e-03
933.0 9.4775715e-01 4.8676410e-03
934.0 9.4411902e-01 4.8582894e-03
935.0 9.4633419e-01 4.8639855e-03
936.0 9.4381133e-01 4.8574977e-03
937.0 9.4006481e-01 4.8478470e-03
938.0 9.3627957e-01 4.8380770e-03
939.0 9.3136107e-01 4.8253525e-03
940.0 9.4024357e-01 4.8483079e-03
941.0 9.3155685e-01 4.8258597e-03
942.0 9.3717253e-01 4.8403836e-03
943.0 9.3507526e-01 4.8349645e-03
944.0 9.4099389e-01 4.8502420e-03
945.0 9.3521933e-01 4.8353370e-03
946.0 9.3971538e-01 4.8469459e-03
947.0 9.4880216e-01 4.8703238e-03
948.0 9.4258300e-01 4.8543357e-03
949.0 9.4528477e-01 4.8612878e-03
950.0 9.4073369e-01 4.8495714e-03
951.0 9.5349045e-01 4.8823418e-03
952.0 9.5627450e-01 4.8894645e-03
953.0 9.4805319e-01 4.8684012e-03
954.0 9.4899111e-01 4.8708088e-03
955.0 9.4627512e-01 4.8638337e-03
956.0 9.4299032e-01 4.8553845e-03
957.0 9.4941062e-01 4.8718852e-03
958.0 9.4964052e-01 4.8724751e-03
959.0 9.4917641e-01 4.8712843e-03
960.0 9.4080646e-01 4.8497589e-03
961.0 9.3814426e-01 4.8428924e-03
962.0 9.3654522e-01 4.8387634e-03
963.0 9.4348455e-01 4.8566567e-03
964.0 9.3782963e-01 4.8420802e-03
965.0 9.4450732e-01 4.8592884e-03
966.0 9.5090024e-01 4.8757057e-03
967.0 9.4797361e-01 4.8681968e-03
968.0 9.3627170e-01 4.8380567e-03
969.0 9.3557334e-01 4.8362520e-03
970.0 9.3903168e-01 4.8451824e-03
971.0 9.3768735e-01 4.8417129e-03
972.0 9.3750738e-01 4.8412483e-03
973.0 9.4158004e-01 4.8517524e-03
974.0 9.4126942e-01 4.8509521e-03
975.0 9.4613764e-01 4.8634804e-03
976.0 9.4656226e-01 4.8645716e-03
977.0 9.4045291e-01 4.8488476e-03
978.0 9.4052336e-01 4.8490292e-03
979.0 9.3443855e-01 4.8333181e-03
980.0 9.3802780e-01 4.8425918e-03
981.0 9.3565797e-01 4.8364708e-03
982.0 9.3530077e-01 4.8355475e-03
983.0 9.4534840e-01 4.8614515e-03
984.0 9.4261671e-01 4.8544225e-03
985.0 9.3998977e-01 4.8476535e-03
986.0 9.3708247e-01 4.8401510e-03
987.0 9.2915025e-01 4.8196220e-03
988.0 9.2250432e-01 4.8023545e-03
989.0 9.2343053e-01 4.8047647e-03
990.0 9.2834784e-01 4.8175405e-03
991.0 9.3340337e-01 4.8306402e-03
992.0 9.3427250e-01 4.8328887e-03
993.0 9.3255013e-01 4.8284318e-03
994.0 9.2991298e-01 4.8215998e-03
995.0 9.3234299e-01 4.8278955e-03
996.0 9.3888346e-01 4.8448000e-03
997.0 9.4196702e-01 4.8527493e-03
998.0 9.4413305e-01 4.8583255e-03
999.0 9.2794290e-01 4.8164897e-03
1000.0 9.3806348e-01 4.8426839e-03
