1.0 9.6409135e-01 4.9094077e-03
2.0 9.6247678e-01 4.9052951e-03
3.0 9.6399365e-01 4.9091589e-03
4.0 9.6286342e-01 4.9062802e-03
5.0 9.6018951e-01 4.8994630e-03
6.0 9.5833536e-01 4.8947303e-03
7.0 9.5883331e-01 4.8960017e-03
8.0 9.5827781e-01 4.8945833e-03
9.0 9.5704013e-01 4.8914214e-03
10.0 9.5851155e-01 4.8951802e-03
11.0 9.5696658e-01 4.8912335e-03
12.0 9.5497775e-01 4.8861482e-03
13.0 9.5412509e-01 4.8839664e-03
14.0 9.5622475e-01 4.8893373e-03
15.0 9.5620920e-01 4.8892975e-03
16.0 9.5847354e-01 4.8950831e-03
17.0 9.5993555e-01 4.8988151e-03
18.0 9.6064714e-01 4.9006304e-03
19.0 9.5843149e-01 4.8949757e-03
20.0 9.6255039e-01 4.9054826e-03
21.0 9.6349962e-01 4.9079009e-03
22.0 9.6433575e-01 4.9100299e-03
23.0 9.6366876e-01 4.9083316e-03
24.0 9.6238222e-01 4.9050541e-03
25.0 9.6135184e-01 4.9024276e-03
26.0 9.6317459e-01 4.9070729e-03
27.0 9.6413912e-01 4.9095293e-03
28.0 9.6592251e-01 4.9140679e-03
29.0 9.6645108e-01 4.9154122e-03
30.0 9.6799237e-01 4.9193302e-03
31.0 9.6571238e-01 4.9135333e-03
32.0 9.6345734e-01 4.9077932e-03
33.0 9.6536562e-01 4.9126511e-03
34.0 9.6517693e-01 4.9121709e-03
35.0 9.6330660e-01 4.9074092e-03
36.0 9.6340925e-01 4.9076707e-03
37.0 9.6624101e-01 4.9148780e-03
38.0 9.6742105e-01 4.9178782e-03
39.0 9.6862071e-01 4.9209265e-03
40.0 9.6576265e-01 4.9136612e-03
41.0 9.6726718e-01 4.9174871e-03
42.0 9.6869601e-01 4.9211178e-03
43.0 9.7042433e-01 4.9255059e-03
44.0 9.7089232e-01 4.9266934e-03
45.0 9.7134173e-01 4.9278335e-03
46.0 9.6821357e-01 4.9198922e-03
47.0 9.6773205e-01 4.9186687e-03
48.0 9.6741340e-01 4.9178588e-03
49.0 9.6891902e-01 4.9216842e-03
50.0 9.6708439e-01 4.9170225e-03
51.0 9.6809704e-01 4.9195962e-03
52.0 9.6763899e-01 4.9184322e-03
53.0 9.6984048e-01 4.9240240e-03
54.0 9.6614725e-01 4.9146395e-03
55.0 9.6623252e-01 4.9148564e-03
56.0 9.6497296e-01 4.9116519e-03
57.0 9.6684441e-01 4.9164124e-03
58.0 9.6657801e-01 4.9157350e-03
59.0 9.6812930e-01 4.9196781e-03
60.0 9.6931773e-01 4.9226968e-03
61.0 9.7043881e-01 4.9255427e-03
62.0 9.6924421e-01 4.9225101e-03
63.0 9.6777090e-01 4.9187674e-03
64.0 9.7076970e-01 4.9263823e-03
65.0 9.7030083e-01 4.9251925e-03
66.0 9.7049706e-01 4.9256905e-03
67.0 9.6993011e-01 4.9242515e-03
68.0 9.7011213e-01 4.9247135e-03
69.0 9.7001893e-01 4.9244770e-03
70.0 9.7099738e-01 4.9269600e-03
71.0 9.7160652e-01 4.9285052e-03
72.0 9.7224390e-01 4.9301215e-03
73.0 9.7257868e-01 4.9309702e-03
74.0 9.7157750e-01 4.9284316e-03
75.0 9.7437973e-01 4.9355338e-03
76.0 9.7555323e-01 4.9385049e-03
77.0 9.7683304e-01 4.9417432e-03
78.0 9.7281996e-01 4.9315818e-03
79.0 9.7276788e-01 4.9314498e-03
80.0 9.7222271e-01 4.9300678e-03
81.0 9.7149894e-01 4.9282323e-03
82.0 9.7359191e-01 4.9335381e-03
83.0 9.7507037e-01 4.9372826e-03
84.0 9.7491770e-01 4.9368961e-03
85.0 9.7397899e-01 4.9345187e-03
86.0 9.7496961e-01 4.9370275e-03
87.0 9.7394679e-01 4.9344371e-03
88.0 9.7563294e-01 4.9387067e-03
89.0 9.7764708e-01 4.9438019e-03
90.0 9.7818864e-01 4.9451710e-03
91.0 9.7668145e-01 4.9413598e-03
92.0 9.7539898e-01 4.9381145e-03
93.0 9.7192972e-01 4.9293248e-03
94.0 9.7006533e-01 4.9245947e-03
95.0 9.7108857e-01 4.9271913e-03
96.0 9.6912041e-01 4.9221957e-03
97.0 9.6964660e-01 4.9235318e-03
98.0 9.6831852e-01 4.9201589e-03
99.0 9.6552494e-01 4.9130565e-03
100.0 9.6445580e-01 4.9103355e-03
101.0 9.6327890e-01 4.9073387e-03
102.0 9.6467551e-01 4.9108948e-03
103.0 9.6223513e-01 4.9046792e-03
104.0 9.6290524e-01 4.9063868e-03
105.0 9.6162950e-01 4.9031355e-03
106.0 9.6380268e-01 4.9086726e-03
107.0 9.6290102e-01 4.9063760e-03
108.0 9.6231625e-01 4.9048860e-03
109.0 9.6194503e-01 4.9039399e-03
110.0 9.6186845e-01 4.9037446e-03
111.0 9.6348844e-01 4.9078724e-03
112.0 9.6151109e-01 4.9028336e-03
113.0 9.6021235e-01 4.8995213e-03
114.0 9.6079815e-01 4.9010156e-03
115.0 9.5920050e-01 4.8969391e-03
116.0 9.5641624e-01 4.8898268e-03
117.0 9.5703013e-01 4.8913959e-03
118.0 9.5800085e-01 4.8938759e-03
119.0 9.5781058e-01 4.8933899e-03
120.0 9.5654744e-01 4.8901622e-03
121.0 9.5416333e-01 4.8840642e-03
122.0 9.5282919e-01 4.8806485e-03
123.0 9.5419732e-01 4.8841512e-03
124.0 9.5464702e-01 4.8853020e-03
125.0 9.5549544e-01 4.8874724e-03
126.0 9.5605721e-01 4.8889089e-03
127.0 9.5943243e-01 4.8975311e-03
128.0 9.5984442e-01 4.8985825e-03
129.0 9.5928500e-01 4.8971548e-03
130.0 9.5958441e-01 4.8979190e-03
131.0 9.5827996e-01 4.8945888e-03
132.0 9.6069969e-01 4.9007645e-03
133.0 9.5893937e-01 4.8962725e-03
134.0 9.5538981e-01 4.8872022e-03
135.0 9.5343389e-01 4.8821970e-03
136.0 9.5413232e-01 4.8839849e-03
137.0 9.5796196e-01 4.8937766e-03
138.0 9.5691341e-01 4.8910976e-03
139.0 9.5768362e-01 4.8930656e-03
140.0 9.5564517e-01 4.8878553e-03
141.0 9.5460200e-01 4.8851868e-03
142.0 9.5321867e-01 4.8816459e-03
143.0 9.5169514e-01 4.8777432e-03
144.0 9.5298424e-01 4.8810456e-03
145.0 9.5184825e-01 4.8781356e-03
146.0 9.5203174e-01 4.8786057e-03
147.0 9.5140836e-01 4.8770082e-03
148.0 9.5298556e-01 4.8810490e-03
149.0 9.5525509e-01 4.8868576e-03
150.0 9.5301669e-01 4.8811287e-03
151.0 9.5314052e-01 4.8814458e-03
152.0 9.5397197e-01 4.8835744e-03
153.0 9.5561558e-01 4.8877796e-03
154.0 9.5513922e-01 4.8865612e-03
155.0 9.5548484e-01 4.8874453e-03
156.0 9.5568991e-01 4.8879697e-03
157.0 9.5621419e-01 4.8893103e-03
158.0 9.5649249e-01 4.8900217e-03
159.0 9.5655022e-01 4.8901693e-03
160.0 9.5721741e-01 4.8918744e-03
161.0 9.5620088e-01 4.8892762e-03
162.0 9.5738291e-01 4.8922973e-03
163.0 9.5744639e-01 4.8924595e-03
164.0 9.5450396e-01 4.8849359e-03
165.0 9.5397803e-01 4.8835900e-03
166.0 9.5342772e-01 4.8821812e-03
167.0 9.5348698e-01 4.8823329e-03
168.0 9.5173438e-01 4.8778437e-03
169.0 9.5200637e-01 4.8785407e-03
170.0 9.5218976e-01 4.8790106e-03
171.0 9.5547337e-01 4.8874159e-03
172.0 9.5516248e-01 4.8866207e-03
173.0 9.5249122e-01 4.8797829e-03
174.0 9.5371897e-01 4.8829268e-03
175.0 9.5491632e-01 4.8859910e-03
176.0 9.5595332e-01 4.8886433e-03
177.0 9.5590720e-01 4.8885254e-03
178.0 9.5296917e-01 4.8810070e-03
179.0 9.5286790e-01 4.8807477e-03
180.0 9.5062589e-01 4.8750023e-03
181.0 9.4926900e-01 4.8715219e-03
182.0 9.5077883e-01 4.8753945e-03
183.0 9.5065268e-01 4.8750710e-03
184.0 9.5134845e-01 4.8768547e-03
185.0 9.4976580e-01 4.8727964e-03
186.0 9.5150987e-01 4.8772684e-03
187.0 9.5436230e-01 4.8845735e-03
188.0 9.5317881e-01 4.8815439e-03
189.0 9.5214449e-01 4.8788946e-03
190.0 9.5128362e-01 4.8766885e-03
191.0 9.5245860e-01 4.8796993e-03
192.0 9.5397519e-01 4.8835827e-03
193.0 9.5553060e-01 4.8875623e-03
194.0 9.5685063e-01 4.8909371e-03
195.0 9.5462339e-01 4.8852415e-03
196.0 9.5659801e-01 4.8902915e-03
197.0 9.5659803e-01 4.8902915e-03
198.0 9.5811309e-01 4.8941626e-03
199.0 9.5624637e-01 4.8893926e-03
200.0 9.5980395e-01 4.8984792e-03
201.0 9.5706006e-01 4.8914724e-03
202.0 9.5878577e-01 4.8958804e-03
203.0 9.5711580e-01 4.8916148e-03
204.0 9.5685499e-01 4.8909483e-03
205.0 9.6048374e-01 4.9002137e-03
206.0 9.6024701e-01 4.8996097e-03
207.0 9.6066734e-01 4.9006820e-03
208.0 9.5929009e-01 4.8971678e-03
209.0 9.5915670e-01 4.8968273e-03
210.0 9.5998276e-01 4.8989355e-03
211.0 9.6189044e-01 4.9038007e-03
212.0 9.6243340e-01 4.9051845e-03
213.0 9.6166543e-01 4.9032271e-03
214.0 9.6214460e-01 4.9044485e-03
215.0 9.6114559e-01 4.9019017e-03
216.0 9.6299407e-01 4.9066131e-03
217.0 9.6575722e-01 4.9136474e-03
218.0 9.6325659e-01 4.9072818e-03
219.0 9.6258975e-01 4.9055829e-03
220.0 9.6242997e-01 4.9051758e-03
221.0 9.6329961e-01 4.9073914e-03
222.0 9.6097417e-01 4.9014645e-03
223.0 9.6104974e-01 4.9016573e-03
224.0 9.6522592e-01 4.9122956e-03
225.0 9.6650630e-01 4.9155526e-03
226.0 9.6492396e-01 4.9115272e-03
227.0 9.6542053e-01 4.9127908e-03
228.0 9.6530672e-01 4.9125012e-03
229.0 9.6452696e-01 4.9105167e-03
230.0 9.6346847e-01 4.9078215e-03
231.0 9.6138745e-01 4.9025184e-03
232.0 9.5944856e-01 4.8975723e-03
233.0 9.5942235e-01 4.8975054e-03
234.0 9.6096535e-01 4.9014420e-03
235.0 9.6311502e-01 4.9069212e-03
236.0 9.6175881e-01 4.9034651e-03
237.0 9.6034917e-01 4.8998703e-03
238.0 9.5932507e-01 4.8972571e-03
239.0 9.5922974e-01 4.8970137e-03
240.0 9.6180222e-01 4.9035758e-03
241.0 9.5770628e-01 4.8931235e-03
242.0 9.5812484e-01 4.8941926e-03
243.0 9.5733628e-01 4.8921782e-03
244.0 9.5683880e-01 4.8909069e-03
245.0 9.5664187e-01 4.8904036e-03
246.0 9.5567648e-01 4.8879354e-03
247.0 9.5554370e-01 4.8875958e-03
248.0 9.5849217e-01 4.8951307e-03
249.0 9.5722766e-01 4.8919006e-03
250.0 9.5812431e-01 4.8941913e-03
251.0 9.5781589e-01 4.8934035e-03
252.0 9.5552347e-01 4.8875441e-03
253.0 9.5334353e-01 4.8819657e-03
254.0 9.5680388e-01 4.8908177e-03
255.0 9.5837223e-01 4.8948244e-03
256.0 9.6036489e-01 4.8999105e-03
257.0 9.6215721e-01 4.9044807e-03
258.0 9.6084872e-01 4.9011446e-03
259.0 9.6487249e-01 4.9113962e-03
260.0 9.6630464e-01 4.9150398e-03
261.0 9.6368700e-01 4.9083781e-03
262.0 9.6514295e-01 4.9120845e-03
263.0 9.6670371e-01 4.9160546e-03
264.0 9.6870189e-01 4.9211327e-03
265.0 9.6868480e-01 4.9210893e-03
266.0 9.6972594e-01 4.9237332e-03
267.0 9.7018730e-01 4.9249043e-03
268.0 9.7028386e-01 4.9251494e-03
269.0 9.6899029e-01 4.9218652e-03
270.0 9.6919456e-01 4.9223840e-03
271.0 9.7015213e-01 4.9248151e-03
272.0 9.7218630e-01 4.9299754e-03
273.0 9.7075867e-01 4.9263543e-03
274.0 9.7480032e-01 4.9365988e-03
275.0 9.7738552e-01 4.9431405e-03
276.0 9.7631105e-01 4.9404227e-03
277.0 9.7864497e-01 4.9463244e-03
278.0 9.7934059e-01 4.9480820e-03
279.0 9.8083520e-01 4.9518562e-03
280.0 9.8202638e-01 4.9548622e-03
281.0 9.8100090e-01 4.9522745e-03
282.0 9.8174188e-01 4.9541444e-03
283.0 9.7914216e-01 4.9475807e-03
284.0 9.8016454e-01 4.9501630e-03
285.0 9.8269432e-01 4.9565470e-03
286.0 9.8448271e-01 4.9610551e-03
287.0 9.8457801e-01 4.9612952e-03
288.0 9.8844222e-01 4.9710216e-03
289.0 9.8587691e-01 4.9645667e-03
290.0 9.8693327e-01 4.9672258e-03
291.0 9.8798978e-01 4.9698838e-03
292.0 9.8862212e-01 4.9714739e-03
293.0 9.8997294e-01 4.9748692e-03
294.0 9.8842783e-01 4.9709854e-03
295.0 9.8761614e-01 4.9689439e-03
296.0 9.8647690e-01 4.9660772e-03
297.0 9.8500697e-01 4.9623759e-03
298.0 9.8295147e-01 4.9571955e-03
299.0 9.8274953e-01 4.9566863e-03
300.0 9.7979370e-01 4.9492265e-03
301.0 9.8040966e-01 4.9507819e-03
302.0 9.8167495e-01 4.9539756e-03
303.0 9.8069936e-01 4.9515133e-03
304.0 9.7951191e-01 4.9485147e-03
305.0 9.7872297e-01 4.9465215e-03
306.0 9.7851621e-01 4.9459989e-03
307.0 9.7882885e-01 4.9467890e-03
308.0 9.7859766e-01 4.9462048e-03
309.0 9.7886504e-01 4.9468805e-03
310.0 9.7932909e-01 4.9480529e-03
311.0 9.8146134e-01 4.9534366e-03
312.0 9.7817145e-01 4.9451276e-03
313.0 9.7656722e-01 4.9410708e-03
314.0 9.7532285e-01 4.9379218e-03
315.0 9.7334992e-01 4.9329249e-03
316.0 9.7320970e-01 4.9325696e-03
317.0 9.7115075e-01 4.9273491e-03
318.0 9.6933328e-01 4.9227363e-03
319.0 9.7073629e-01 4.9262975e-03
320.0 9.7085853e-01 4.9266077e-03
321.0 9.7150149e-01 4.9282388e-03
322.0 9.7351072e-01 4.9333324e-03
323.0 9.7142117e-01 4.9280351e-03
324.0 9.7238655e-01 4.9304831e-03
325.0 9.7345581e-01 4.9331932e-03
326.0 9.7472762e-01 4.9364148e-03
327.0 9.7462315e-01 4.9361502e-03
328.0 9.7583467e-01 4.9392172e-03
329.0 9.7786247e-01 4.9443465e-03
330.0 9.7672745e-01 4.9414761e-03
331.0 9.7515670e-01 4.9375012e-03
332.0 9.7717857e-01 4.9426172e-03
333.0 9.7715669e-01 4.9425618e-03
334.0 9.7760138e-01 4.9436863e-03
335.0 9.7672474e-01 4.9414693e-03
336.0 9.7678937e-01 4.9416328e-03
337.0 9.7578438e-01 4.9390900e-03
338.0 9.7382234e-01 4.9341219e-03
339.0 9.7209392e-01 4.9297412e-03
340.0 9.7301377e-01 4.9320731e-03
341.0 9.7395496e-01 4.9344578e-03
342.0 9.7535221e-01 4.9379961e-03
343.0 9.7629821e-01 4.9403902e-03
344.0 9.7219873e-01 4.9300069e-03
345.0 9.7107779e-01 4.9271640e-03
346.0 9.7204549e-01 4.9296184e-03
347.0 9.7128752e-01 4.9276960e-03
348.0 9.6986374e-01 4.9240830e-03
349.0 9.7208419e-01 4.9297165e-03
350.0 9.7047737e-01 4.9256405e-03
351.0 9.6830133e-01 4.9201152e-03
352.0 9.6991813e-01 4.9242211e-03
353.0 9.7131001e-01 4.9277531e-03
354.0 9.7264469e-01 4.9311375e-03
355.0 9.7278682e-01 4.9314978e-03
356.0 9.6991069e-01 4.9242022e-03
357.0 9.6662981e-01 4.9158667e-03
358.0 9.6723359e-01 4.9174018e-03
359.0 9.6801086e-01 4.9193772e-03
360.0 9.6585534e-01 4.9138970e-03
361.0 9.6610353e-01 4.9145283e-03
362.0 9.6714486e-01 4.9171762e-03
363.0 9.6506124e-01 4.9118765e-03
364.0 9.6468748e-01 4.9109253e-03
365.0 9.6570849e-01 4.9135234e-03
366.0 9.6650571e-01 4.9155511e-03
367.0 9.6415930e-01 4.9095807e-03
368.0 9.6333015e-01 4.9074692e-03
369.0 9.6279186e-01 4.9060979e-03
370.0 9.6330915e-01 4.9074157e-03
371.0 9.6423265e-01 4.9097674e-03
372.0 9.6033576e-01 4.8998361e-03
373.0 9.6097279e-01 4.9014610e-03
374.0 9.6264161e-01 4.9057151e-03
375.0 9.6223677e-01 4.9046834e-03
376.0 9.6359531e-01 4.9081446e-03
377.0 9.6158965e-01 4.9030339e-03
378.0 9.6311100e-01 4.9069110e-03
379.0 9.6208312e-01 4.9042918e-03
380.0 9.6178738e-01 4.9035380e-03
381.0 9.6247114e-01 4.9052807e-03
382.0 9.6505968e-01 4.9118726e-03
383.0 9.6193472e-01 4.9039136e-03
384.0 9.6250805e-01 4.9053748e-03
385.0 9.6077188e-01 4.9009486e-03
386.0 9.5981729e-01 4.8985133e-03
387.0 9.6121525e-01 4.9020793e-03
388.0 9.6271628e-01 4.9059053e-03
389.0 9.6465777e-01 4.9108497e-03
390.0 9.6632729e-01 4.9150974e-03
391.0 9.6601642e-01 4.9143067e-03
392.0 9.6451472e-01 4.9104855e-03
393.0 9.6332914e-01 4.9074666e-03
394.0 9.6369767e-01 4.9084052e-03
395.0 9.6521023e-01 4.9122557e-03
396.0 9.6480715e-01 4.9112299e-03
397.0 9.6534001e-01 4.9125859e-03
398.0 9.6508313e-01 4.9119323e-03
399.0 9.6558710e-01 4.9132146e-03
400.0 9.6268323e-01 4.9058211e-03
401.0 9.6383494e-01 4.9087548e-03
402.0 9.6216244e-01 4.9044940e-03
403.0 9.6350233e-01 4.9079078e-03
404.0 9.6075428e-01 4.9009037e-03
405.0 9.6203050e-01 4.9041577e-03
406.0 9.6446616e-01 4.9103619e-03
407.0 9.6811654e-01 4.9196457e-03
408.0 9.6635470e-01 4.9151671e-03
409.0 9.6369536e-01 4.9083993e-03
410.0 9.6232037e-01 4.9048965e-03
411.0 9.6168746e-01 4.9032833e-03
412.0 9.6411940e-01 4.9094791e-03
413.0 9.6347209e-01 4.9078307e-03
414.0 9.6240475e-01 4.9051115e-03
415.0 9.6288774e-01 4.9063422e-03
416.0 9.6147194e-01 4.9027338e-03
417.0 9.6225088e-01 4.9047194e-03
418.0 9.5857979e-01 4.8953544e-03
419.0 9.5900174e-01 4.8964317e-03
420.0 9.5925591e-01 4.8970806e-03
421.0 9.5979052e-01 4.8984450e-03
422.0 9.5922150e-01 4.8969927e-03
423.0 9.5796927e-01 4.8937953e-03
424.0 9.5731595e-01 4.8921262e-03
425.0 9.5727512e-01 4.8920219e-03
426.0 9.5566743e-01 4.8879122e-03
427.0 9.5744277e-01 4.8924503e-03
428.0 9.5757011e-01 4.8927756e-03
429.0 9.5832179e-01 4.8946956e-03
430.0 9.6021629e-01 4.8995313e-03
431.0 9.5877020e-01 4.8958406e-03
432.0 9.5940654e-01 4.8974650e-03
433.0 9.6003571e-01 4.8990706e-03
434.0 9.5989574e-01 4.8987135e-03
435.0 9.6220313e-01 4.9045977e-03
436.0 9.6116732e-01 4.9019571e-03
437.0 9.6037451e-01 4.8999350e-03
438.0 9.6060910e-01 4.9005334e-03
439.0 9.6261610e-01 4.9056501e-03
440.0 9.6292114e-01 4.9064273e-03
441.0 9.6395564e-01 4.9090622e-03
442.0 9.6287769e-01 4.9063166e-03
443.0 9.6393519e-01 4.9090101e-03
444.0 9.6277246e-01 4.9060485e-03
445.0 9.6128814e-01 4.9022652e-03
446.0 9.6294134e-01 4.9064787e-03
447.0 9.6390182e-01 4.9089251e-03
448.0 9.6857380e-01 4.9208074e-03
449.0 9.7066310e-01 4.9261118e-03
450.0 9.6986218e-01 4.9240791e-03
451.0 9.7359868e-01 4.9335552e-03
452.0 9.7591935e-01 4.9394315e-03
453.0 9.7468701e-01 4.9363119e-03
454.0 9.7465950e-01 4.9362423e-03
455.0 9.7516821e-01 4.9375303e-03
456.0 9.7512036e-01 4.9374092e-03
457.0 9.7101874e-01 4.9270142e-03
458.0 9.7147551e-01 4.9281729e-03
459.0 9.7340314e-01 4.9330598e-03
460.0 9.7162304e-01 4.9285471e-03
461.0 9.7184220e-01 4.9291029e-03
462.0 9.6921634e-01 4.9224393e-03
463.0 9.6773139e-01 4.9186670e-03
464.0 9.6454881e-01 4.9105723e-03
465.0 9.6385398e-01 4.9088033e-03
466.0 9.6570111e-01 4.9135047e-03
467.0 9.6647330e-01 4.9154687e-03
468.0 9.6800898e-01 4.9193724e-03
469.0 9.6805619e-01 4.9194923e-03
470.0 9.6893864e-01 4.9217341e-03
471.0 9.6960499e-01 4.9234261e-03
472.0 9.7120222e-01 4.9274797e-03
473.0 9.6856356e-01 4.9207814e-03
474.0 9.6684111e-01 4.9164040e-03
475.0 9.6590591e-01 4.9140256e-03
476.0 9.6456339e-01 4.9106094e-03
477.0 9.6405704e-01 4.9093203e-03
478.0 9.6186757e-01 4.9037424e-03
479.0 9.5948758e-01 4.8976719e-03
480.0 9.5918630e-01 4.8969029e-03
481.0 9.5792923e-01 4.8936930e-03
482.0 9.5573862e-01 4.8880943e-03
483.0 9.5679170e-01 4.8907865e-03
484.0 9.5780239e-01 4.8933690e-03
485.0 9.5910992e-01 4.8967079e-03
486.0 9.6468323e-01 4.9109145e-03
487.0 9.6534079e-01 4.9125879e-03
488.0 9.6436383e-01 4.9101014e-03
489.0 9.6561066e-01 4.9132745e-03
490.0 9.6650386e-01 4.9155464e-03
491.0 9.6698023e-01 4.9167577e-03
492.0 9.6721707e-01 4.9173598e-03
493.0 9.6494301e-01 4.9115757e-03
494.0 9.6515178e-01 4.9121070e-03
495.0 9.6408325e-01 4.9093871e-03
496.0 9.6444335e-01 4.9103038e-03
497.0 9.6745233e-01 4.9179578e-03
498.0 9.6554838e-01 4.9131161e-03
499.0 9.6463790e-01 4.9107991e-03
500.0 9.6610531e-01 4.9145328e-03
501.0 9.6497251e-01 4.9116507e-03
502.0 9.6381349e-01 4.9087002e-03
503.0 9.6043335e-01 4.9000851e-03
504.0 9.6000148e-01 4.8989833e-03
505.0 9.6117843e-01 4.9019854e-03
506.0 9.6092550e-01 4.9013404e-03
507.0 9.5944373e-01 4.8975600e-03
508.0 9.5917777e-01 4.8968811e-03
509.0 9.5725630e-01 4.8919738e-03
510.0 9.5689479e-01 4.8910500e-03
511.0 9.5800495e-01 4.8938864e-03
512.0 9.5669442e-01 4.8905379e-03
513.0 9.5848630e-01 4.8951157e-03
514.0 9.5946562e-01 4.8976158e-03
515.0 9.6172645e-01 4.9033827e-03
516.0 9.6061109e-01 4.9005385e-03
517.0 9.5882897e-01 4.8959907e-03
518.0 9.5595596e-01 4.8886500e-03
519.0 9.5681350e-01 4.8908422e-03
520.0 9.5380540e-01 4.8831481e-03
521.0 9.5646533e-01 4.8899523e-03
522.0 9.5460292e-01 4.8851892e-03
523.0 9.5250623e-01 4.8798213e-03
524.0 9.5183002e-01 4.8780888e-03
525.0 9.5228622e-01 4.8792577e-03
526.0 9.5292801e-01 4.8809016e-03
527.0 9.5369986e-01 4.8828779e-03
528.0 9.5214930e-01 4.8789069e-03
529.0 9.5099799e-01 4.8759563e-03
530.0 9.4878674e-01 4.8702843e-03
531.0 9.4870998e-01 4.8700872e-03
532.0 9.5031619e-01 4.8742081e-03
533.0 9.5043343e-01 4.8745088e-03
534.0 9.4908689e-01 4.8710546e-03
535.0 9.5434803e-01 4.8845369e-03
536.0 9.5210931e-01 4.8788045e-03
537.0 9.5228233e-01 4.8792477e-03
538.0 9.5436136e-01 4.8845710e-03
539.0 9.5249281e-01 4.8797869e-03
540.0 9.5401186e-01 4.8836766e-03
541.0 9.5396197e-01 4.8835489e-03
542.0 9.5447517e-01 4.8848623e-03
543.0 9.5619089e-01 4.8892507e-03
544.0 9.5697779e-01 4.8912621e-03
545.0 9.5324752e-01 4.8817198e-03
546.0 9.5302728e-01 4.8811558e-03
547.0 9.5328765e-01 4.8818226e-03
548.0 9.5501486e-01 4.8862431e-03
549.0 9.5698614e-01 4.8912834e-03
550.0 9.5749895e-01 4.8925938e-03
551.0 9.5756979e-01 4.8927748e-03
552.0 9.6117980e-01 4.9019889e-03
553.0 9.6037490e-01 4.8999360e-03
554.0 9.6230334e-01 4.9048531e-03
555.0 9.5918790e-01 4.8969070e-03
556.0 9.5993712e-01 4.8988191e-03
557.0 9.6094044e-01 4.9013785e-03
558.0 9.5876346e-01 4.8958234e-03
559.0 9.6065740e-01 4.9006566e-03
560.0 9.6023204e-01 4.8995715e-03
561.0 9.6031428e-01 4.8997814e-03
562.0 9.5888468e-01 4.8961329e-03
563.0 9.5978143e-01 4.8984218e-03
564.0 9.5867090e-01 4.8955871e-03
565.0 9.5992808e-01 4.8987960e-03
566.0 9.5860692e-01 4.8954237e-03
567.0 9.5889557e-01 4.8961607e-03
568.0 9.5970559e-01 4.8982282e-03
569.0 9.6201947e-01 4.9041296e-03
570.0 9.6172065e-01 4.9033679e-03
571.0 9.6309369e-01 4.9068669e-03
572.0 9.6799595e-01 4.9193393e-03
573.0 9.6579446e-01 4.9137421e-03
574.0 9.6567667e-01 4.9134425e-03
575.0 9.6592844e-01 4.9140830e-03
576.0 9.6692198e-01 4.9166096e-03
577.0 9.6739931e-01 4.9178230e-03
578.0 9.6812212e-01 4.9196599e-03
579.0 9.6541417e-01 4.9127746e-03
580.0 9.6314264e-01 4.9069916e-03
581.0 9.6521123e-01 4.9122582e-03
582.0 9.6911899e-01 4.9221921e-03
583.0 9.7140750e-01 4.9280004e-03
584.0 9.6923356e-01 4.9224830e-03
585.0 9.6795620e-01 4.9192383e-03
586.0 9.7131475e-01 4.9277651e-03
587.0 9.7050968e-01 4.9257225e-03
588.0 9.6885676e-01 4.9215261e-03
589.0 9.6445318e-01 4.9103289e-03
590.0 9.6052575e-01 4.9003208e-03
591.0 9.5843355e-01 4.8949810e-03
592.0 9.5527941e-01 4.8869198e-03
593.0 9.5697517e-01 4.8912554e-03
594.0 9.5750657e-01 4.8926133e-03
595.0 9.6001754e-01 4.8990243e-03
596.0 9.6052409e-01 4.9003166e-03
597.0 9.6133919e-01 4.9023953e-03
598.0 9.6211685e-01 4.9043778e-03
599.0 9.6055364e-01 4.9003919e-03
600.0 9.6093432e-01 4.9013629e-03
601.0 9.6008348e-01 4.8991925e-03
602.0 9.6175711e-01 4.9034608e-03
603.0 9.6049688e-01 4.9002472e-03
604.0 9.5966248e-01 4.8981182e-03
605.0 9.5823663e-01 4.8944781e-03
606.0 9.6475216e-01 4.9110899e-03
607.0 9.6362845e-01 4.9082290e-03
608.0 9.6408957e-01 4.9094032e-03
609.0 9.6421895e-01 4.9097326e-03
610.0 9.6274426e-01 4.9059766e-03
611.0 9.6398399e-01 4.9091343e-03
612.0 9.6399422e-01 4.9091604e-03
613.0 9.6388868e-01 4.9088917e-03
614.0 9.6246853e-01 4.9052740e-03
615.0 9.5850978e-01 4.8951757e-03
616.0 9.5898889e-01 4.8963989e-03
617.0 9.5745423e-01 4.8924795e-03
618.0 9.5800676e-01 4.8938910e-03
619.0 9.5728009e-01 4.8920346e-03
620.0 9.5580665e-01 4.8882682e-03
621.0 9.5466214e-01 4.8853407e-03
622.0 9.5376333e-01 4.8830404e-03
623.0 9.5368170e-01 4.8828314e-03
624.0 9.5425382e-01 4.8842958e-03
625.0 9.5441413e-01 4.8847061e-03
626.0 9.5623794e-01 4.8893710e-03
627.0 9.5675602e-01 4.8906953e-03
628.0 9.5578935e-01 4.8882240e-03
629.0 9.5338460e-01 4.8820708e-03
630.0 9.5390766e-01 4.8834098e-03
631.0 9.5355042e-01 4.8824953e-03
632.0 9.5663767e-01 4.8903928e-03
633.0 9.5541139e-01 4.8872574e-03
634.0 9.5570176e-01 4.8880000e-03
635.0 9.5659649e-01 4.8902876e-03
636.0 9.5575631e-01 4.8881395e-03
637.0 9.5864686e-01 4.8955257e-03
638.0 9.6088132e-01 4.9012277e-03
639.0 9.6307706e-01 4.9068245e-03
640.0 9.6230096e-01 4.9048470e-03
641.0 9.6129878e-01 4.9022923e-03
642.0 9.6115734e-01 4.9019316e-03
643.0 9.5999926e-01 4.8989776e-03
644.0 9.6029337e-01 4.8997280e-03
645.0 9.6167440e-01 4.9032500e-03
646.0 9.6453102e-01 4.9105270e-03
647.0 9.6620018e-01 4.9147741e-03
648.0 9.6740328e-01 4.9178331e-03
649.0 9.6657052e-01 4.9157159e-03
650.0 9.6747963e-01 4.9180272e-03
651.0 9.6734834e-01 4.9176934e-03
652.0 9.6471834e-01 4.9110038e-03
653.0 9.6764706e-01 4.9184527e-03
654.0 9.6736544e-01 4.9177369e-03
655.0 9.6904269e-01 4.9219983e-03
656.0 9.6972403e-01 4.9237284e-03
657.0 9.6998451e-01 4.9243896e-03
658.0 9.6708635e-01 4.9170275e-03
659.0 9.6679987e-01 4.9162991e-03
660.0 9.6933700e-01 4.9227457e-03
661.0 9.6942768e-01 4.9229760e-03
662.0 9.7112771e-01 4.9272906e-03
663.0 9.7074308e-01 4.9263148e-03
664.0 9.6871537e-01 4.9211670e-03
665.0 9.6778249e-01 4.9187969e-03
666.0 9.6769418e-01 4.9185724e-03
667.0 9.6817110e-01 4.9197843e-03
668.0 9.6618567e-01 4.9147372e-03
669.0 9.6519257e-01 4.9122108e-03
670.0 9.6194540e-01 4.9039408e-03
671.0 9.6333263e-01 4.9074755e-03
672.0 9.6394515e-01 4.9090355e-03
673.0 9.6203293e-01 4.9041639e-03
674.0 9.6412948e-01 4.9095048e-03
675.0 9.6344944e-01 4.9077731e-03
676.0 9.6189405e-01 4.9038099e-03
677.0 9.6432247e-01 4.9099961e-03
678.0 9.6173770e-01 4.9034113e-03
679.0 9.6407073e-01 4.9093552e-03
680.0 9.6337571e-01 4.9075852e-03
681.0 9.6443146e-01 4.9102736e-03
682.0 9.6480134e-01 4.9112151e-03
683.0 9.6838727e-01 4.9203335e-03
684.0 9.6539561e-01 4.9127274e-03
685.0 9.6426941e-01 4.9098610e-03
686.0 9.6324649e-01 4.9072561e-03
687.0 9.6658150e-01 4.9157439e-03
688.0 9.6557601e-01 4.9131864e-03
689.0 9.6575213e-01 4.9136344e-03
690.0 9.6488439e-01 4.9114265e-03
691.0 9.6520848e-01 4.9122512e-03
692.0 9.6587724e-01 4.9139527e-03
693.0 9.6464611e-01 4.9108200e-03
694.0 9.6354736e-01 4.9080224e-03
695.0 9.6534758e-01 4.9126052e-03
696.0 9.6340527e-01 4.9076605e-03
697.0 9.6375189e-01 4.9085433e-03
698.0 9.6459913e-01 4.9107004e-03
699.0 9.6473490e-01 4.9110460e-03
700.0 9.6326383e-01 4.9073003e-03
701.0 9.6202049e-01 4.9041322e-03
702.0 9.6362245e-01 4.9082137e-03
703.0 9.6155316e-01 4.9029409e-03
704.0 9.5817359e-01 4.8943171e-03
705.0 9.6016146e-01 4.8993915e-03
706.0 9.6030444e-01 4.8997562e-03
707.0 9.6026829e-01 4.8996640e-03
708.0 9.6075231e-01 4.9008987e-03
709.0 9.6344807e-01 4.9077696e-03
710.0 9.6715080e-01 4.9171913e-03
711.0 9.6751501e-01 4.9181171e-03
712.0 9.7217991e-01 4.9299592e-03
713.0 9.7118681e-01 4.9274406e-03
714.0 9.7134717e-01 4.9278473e-03
715.0 9.7017207e-01 4.9248657e-03
716.0 9.7023454e-01 4.9250242e-03
717.0 9.6972252e-01 4.9237245e-03
718.0 9.6888579e-01 4.9215998e-03
719.0 9.6822617e-01 4.9199242e-03
720.0 9.7033706e-01 4.9252844e-03
721.0 9.6884578e-01 4.9214982e-03
722.0 9.7099180e-01 4.9269458e-03
723.0 9.7273472e-01 4.9313658e-03
724.0 9.7354030e-01 4.9334073e-03
725.0 9.7177067e-01 4.9289215e-03
726.0 9.7224550e-01 4.9301255e-03
727.0 9.7075630e-01 4.9263483e-03
728.0 9.6759732e-01 4.9183263e-03
729.0 9.6852383e-01 4.9206804e-03
730.0 9.6989907e-01 4.9241727e-03
731.0 9.7090943e-01 4.9267368e-03
732.0 9.7109481e-01 4.9272072e-03
733.0 9.7143735e-01 4.9280761e-03
734.0 9.7173246e-01 4.9288246e-03
735.0 9.7540496e-01 4.9381296e-03
736.0 9.7514123e-01 4.9374620e-03
737.0 9.7645193e-01 4.9407791e-03
738.0 9.7652926e-01 4.9409748e-03
739.0 9.7429166e-01 4.9353107e-03
740.0 9.7541639e-01 4.9381586e-03
741.0 9.7432001e-01 4.9353825e-03
742.0 9.7403153e-01 4.9346518e-03
743.0 9.7229261e-01 4.9302450e-03
744.0 9.7018362e-01 4.9248950e-03
745.0 9.7131293e-01 4.9277605e-03
746.0 9.6964353e-01 4.9235240e-03
747.0 9.7081695e-01 4.9265022e-03
748.0 9.7163518e-01 4.9285779e-03
749.0 9.7134838e-01 4.9278504e-03
750.0 9.7273036e-01 4.9313547e-03
751.0 9.7390415e-01 4.9343291e-03
752.0 9.7386687e-01 4.9342347e-03
753.0 9.7256863e-01 4.9309447e-03
754.0 9.7584480e-01 4.9392429e-03
755.0 9.7578600e-01 4.9390941e-03
756.0 9.7483934e-01 4.9366977e-03
757.0 9.7500501e-01 4.9371171e-03
758.0 9.7628571e-01 4.9403586e-03
759.0 9.7745333e-01 4.9433120e-03
760.0 9.7635628e-01 4.9405372e-03
761.0 9.7748214e-01 4.9433849e-03
762.0 9.7983680e-01 4.9493353e-03
763.0 9.7712185e-01 4.9424737e-03
764.0 9.7701685e-01 4.9422082e-03
765.0 9.7961836e-01 4.9487836e-03
766.0 9.7826987e-01 4.9453763e-03
767.0 9.7695521e-01 4.9420523e-03
768.0 9.7712620e-01 4.9424847e-03
769.0 9.7392399e-01 4.9343794e-03
770.0 9.7436020e-01 4.9354843e-03
771.0 9.7637018e-01 4.9405723e-03
772.0 9.7663097e-01 4.9412321e-03
773.0 9.7487012e-01 4.9367756e-03
774.0 9.7620321e-01 4.9401499e-03
775.0 9.7542712e-01 4.9381857e-03
776.0 9.7507500e-01 4.9372943e-03
777.0 9.7697498e-01 4.9421023e-03
778.0 9.7790353e-01 4.9444503e-03
779.0 9.7808761e-01 4.9449156e-03
780.0 9.7974720e-01 4.9491090e-03
781.0 9.8165438e-01 4.9539237e-03
782.0 9.8114345e-01 4.9526343e-03
783.0 9.7909976e-01 4.9474735e-03
784.0 9.7814910e-01 4.9450711e-03
785.0 9.7476474e-01 4.9365088e-03
786.0 9.7399222e-01 4.9345522e-03
787.0 9.7386955e-01 4.9342415e-03
788.0 9.7155279e-01 4.9283689e-03
789.0 9.6960297e-01 4.9234210e-03
790.0 9.7024007e-01 4.9250383e-03
791.0 9.7069955e-01 4.9262043e-03
792.0 9.7206866e-01 4.9296771e-03
793.0 9.7200053e-01 4.9295044e-03
794.0 9.7084100e-01 4.9265632e-03
795.0 9.7036097e-01 4.9253451e-03
796.0 9.6753731e-01 4.9181737e-03
797.0 9.6715728e-01 4.9172078e-03
798.0 9.6708234e-01 4.9170173e-03
799.0 9.6555339e-01 4.9131289e-03
800.0 9.6342868e-01 4.9077202e-03
801.0 9.6371192e-01 4.9084415e-03
802.0 9.6505526e-01 4.9118613e-03
803.0 9.6437935e-01 4.9101409e-03
804.0 9.6436399e-01 4.9101018e-03
805.0 9.6504878e-01 4.9118448e-03
806.0 9.6121100e-01 4.9020685e-03
807.0 9.6436340e-01 4.9101003e-03
808.0 9.6089895e-01 4.9012727e-03
809.0 9.6050318e-01 4.9002632e-03
810.0 9.5987751e-01 4.8986670e-03
811.0 9.6152240e-01 4.9028625e-03
812.0 9.6038543e-01 4.8999629e-03
813.0 9.6439591e-01 4.9101831e-03
814.0 9.6429515e-01 4.9099266e-03
815.0 9.6181600e-01 4.9036109e-03
816.0 9.6159767e-01 4.9030543e-03
817.0 9.6240475e-01 4.9051115e-03
818.0 9.6526245e-01 4.9123886e-03
819.0 9.6757934e-01 4.9182806e-03
820.0 9.6723134e-01 4.9173960e-03
821.0 9.6391209e-01 4.9089513e-03
822.0 9.6303422e-01 4.9067154e-03
823.0 9.6437993e-01 4.9101424e-03
824.0 9.6561452e-01 4.9132844e-03
825.0 9.6447718e-01 4.9103900e-03
826.0 9.6398492e-01 4.9091367e-03
827.0 9.6519704e-01 4.9122221e-03
828.0 9.6580236e-01 4.9137622e-03
829.0 9.6267321e-01 4.9057956e-03
830.0 9.5952543e-01 4.8977685e-03
831.0 9.6343734e-01 4.9077422e-03
832.0 9.6161412e-01 4.9030963e-03
833.0 9.6122918e-01 4.9021148e-03
834.0 9.5978826e-01 4.8984392e-03
835.0 9.5800580e-01 4.8938886e-03
836.0 9.5968983e-01 4.8981880e-03
837.0 9.5862798e-01 4.8954775e-03
838.0 9.5918359e-01 4.8968959e-03
839.0 9.5936718e-01 4.8973646e-03
840.0 9.6099910e-01 4.9015281e-03
841.0 9.6437583e-01 4.9101320e-03
842.0 9.6608443e-01 4.9144797e-03
843.0 9.6134769e-01 4.9024170e-03
844.0 9.6006373e-01 4.8991421e-03
845.0 9.5900249e-01 4.8964337e-03
846.0 9.5850169e-01 4.8951550e-03
847.0 9.6026032e-01 4.8996437e-03
848.0 9.6186401e-01 4.9037333e-03
849.0 9.6313552e-01 4.9069734e-03
850.0 9.6096447e-01 4.9014398e-03
851.0 9.6112163e-01 4.9018406e-03
852.0 9.6026456e-01 4.8996545e-03
853.0 9.6115266e-01 4.9019197e-03
854.0 9.5828323e-01 4.8945971e-03
855.0 9.6281190e-01 4.9061490e-03
856.0 9.6233581e-01 4.9049358e-03
857.0 9.6269480e-01 4.9058506e-03
858.0 9.6252269e-01 4.9054121e-03
859.0 9.5929913e-01 4.8971909e-03
860.0 9.6187349e-01 4.9037575e-03
861.0 9.6459511e-01 4.9106902e-03
862.0 9.6359568e-01 4.9081455e-03
863.0 9.6375223e-01 4.9085442e-03
864.0 9.6321902e-01 4.9071861e-03
865.0 9.6726487e-01 4.9174813e-03
866.0 9.6787523e-01 4.9190325e-03
867.0 9.6427310e-01 4.9098705e-03
868.0 9.6255501e-01 4.9054944e-03
869.0 9.6380009e-01 4.9086661e-03
870.0 9.6040419e-01 4.9000107e-03
871.0 9.6041925e-01 4.9000491e-03
872.0 9.6046238e-01 4.9001591e-03
873.0 9.5793391e-01 4.8937049e-03
874.0 9.6004519e-01 4.8990948e-03
875.0 9.6029454e-01 4.8997310e-03
876.0 9.5786917e-01 4.8935396e-03
877.0 9.5419397e-01 4.8841427e-03
878.0 9.5625096e-01 4.8894043e-03
879.0 9.5635019e-01 4.8896580e-03
880.0 9.5740163e-01 4.8923451e-03
881.0 9.5756128e-01 4.8927530e-03
882.0 9.5549635e-01 4.8874747e-03
883.0 9.5574033e-01 4.8880987e-03
884.0 9.5595409e-01 4.8886453e-03
885.0 9.5718353e-01 4.8917879e-03
886.0 9.5845158e-01 4.8950270e-03
887.0 9.5837952e-01 4.8948430e-03
888.0 9.5995169e-01 4.8988562e-03
889.0 9.6070104e-01 4.9007679e-03
890.0 9.6027513e-01 4.8996815e-03
891.0 9.6162064e-01 4.9031129e-03
892.0 9.6421197e-01 4.9097148e-03
893.0 9.6440786e-01 4.9102135e-03
894.0 9.6832279e-01 4.9201697e-03
895.0 9.6850344e-01 4.9206286e-03
896.0 9.6908570e-01 4.9221075e-03
897.0 9.6754519e-01 4.9181938e-03
898.0 9.6570846e-01 4.9135233e-03
899.0 9.6568763e-01 4.9134704e-03
900.0 9.6617173e-01 4.9147018e-03
901.0 9.6831509e-01 4.9201501e-03
902.0 9.6875657e-01 4.9212716e-03
903.0 9.6756890e-01 4.9182540e-03
904.0 9.6568579e-01 4.9134657e-03
905.0 9.6621921e-01 4.9148225e-03
906.0 9.6317265e-01 4.9070680e-03
907.0 9.6485323e-01 4.9113472e-03
908.0 9.6369446e-01 4.9083971e-03
909.0 9.6692335e-01 4.9166131e-03
910.0 9.6647681e-01 4.9154776e-03
911.0 9.6833815e-01 4.9202087e-03
912.0 9.6837723e-01 4.9203080e-03
913.0 9.6836272e-01 4.9202711e-03
914.0 9.6773725e-01 4.9186819e-03
915.0 9.6804355e-01 4.9194602e-03
916.0 9.6786764e-01 4.9190132e-03
917.0 9.6841916e-01 4.9204145e-03
918.0 9.6741200e-01 4.9178553e-03
919.0 9.6798305e-01 4.9193065e-03
920.0 9.6838547e-01 4.9203290e-03
921.0 9.6855766e-01 4.9207664e-03
922.0 9.6736072e-01 4.9177249e-03
923.0 9.6731796e-01 4.9176162e-03
924.0 9.6965176e-01 4.9235449e-03
925.0 9.7118733e-01 4.9274419e-03
926.0 9.7506788e-01 4.9372763e-03
927.0 9.7322527e-01 4.9326091e-03
928.0 9.7147836e-01 4.9281801e-03
929.0 9.7171972e-01 4.9287923e-03
930.0 9.7329088e-01 4.9327753e-03
931.0 9.6964544e-01 4.9235288e-03
932.0 9.6897290e-01 4.9218211e-03
933.0 9.6911979e-01 4.9221941e-03
934.0 9.6980971e-01 4.9239459e-03
935.0 9.7185913e-01 4.9291458e-03
936.0 9.7300558e-01 4.9320523e-03
937.0 9.7185010e-01 4.9291229e-03
938.0 9.7053571e-01 4.9257886e-03
939.0 9.6777603e-01 4.9187804e-03
940.0 9.6826145e-01 4.9200139e-03
941.0 9.7251277e-01 4.9308031e-03
942.0 9.7156338e-01 4.9283958e-03
943.0 9.7329878e-01 4.9327953e-03
944.0 9.7374195e-01 4.9339182e-03
945.0 9.7489603e-01 4.9368412e-03
946.0 9.7680629e-01 4.9416756e-03
947.0 9.7635615e-01 4.9405368e-03
948.0 9.7471105e-01 4.9363728e-03
949.0 9.7666874e-01 4.9413276e-03
950.0 9.7642348e-01 4.9407072e-03
951.0 9.7847790e-01 4.9459021e-03
952.0 9.7803515e-01 4.9447830e-03
953.0 9.7638988e-01 4.9406221e-03
954.0 9.7621464e-01 4.9401788e-03
955.0 9.7521449e-01 4.9376475e-03
956.0 9.7472817e-01 4.9364162e-03
957.0 9.7324653e-01 4.9326629e-03
958.0 9.7188118e-01 4.9292017e-03
959.0 9.6890423e-01 4.9216467e-03
960.0 9.6999009e-01 4.9244038e-03
961.0 9.6960232e-01 4.9234194e-03
962.0 9.7005320e-01 4.9245640e-03
963.0 9.6904972e-01 4.9220162e-03
964.0 9.6996735e-01 4.9243460e-03
965.0 9.7305635e-01 4.9321810e-03
966.0 9.7313803e-01 4.9323880e-03
967.0 9.7284104e-01 4.9316353e-03
968.0 9.7589069e-01 4.9393590e-03
969.0 9.7474345e-01 4.9364549e-03
970.0 9.7273665e-01 4.9313706e-03
971.0 9.6977712e-01 4.9238631e-03
972.0 9.7078026e-01 4.9264091e-03
973.0 9.6971561e-01 4.9237070e-03
974.0 9.6963431e-01 4.9235006e-03
975.0 9.7005883e-01 4.9245783e-03
976.0 9.6845203e-01 4.9204981e-03
977.0 9.6957925e-01 4.9233608e-03
978.0 9.6794084e-01 4.9191992e-03
979.0 9.7038851e-01 4.9254150e-03
980.0 9.6798594e-01 4.9193138e-03
981.0 9.6705898e-01 4.9169579e-03
982.0 9.6662227e-01 4.9158475e-03
983.0 9.6616279e-01 4.9146790e-03
984.0 9.6788234e-01 4.9190506e-03
985.0 9.6876331e-01 4.9212888e-03
986.0 9.7311584e-01 4.9323317e-03
987.0 9.7409957e-01 4.9348242e-03
988.0 9.7539109e-01 4.9380945e-03
989.0 9.7562971e-01 4.9386985e-03
990.0 9.7574795e-01 4.9389978e-03
991.0 9.7604857e-01 4.9397585e-03
992.0 9.7763911e-01 4.9437817e-03
993.0 9.7905007e-01 4.9473480e-03
994.0 9.7722762e-01 4.9427412e-03
995.0 9.7679515e-01 4.9416474e-03
996.0 9.7490561e-01 4.9368655e-03
997.0 9.7091661e-01 4.9267551e-03
998.0 9.7239838e-01 4.9305131e-03
999.0 9.7416127e-01 4.9349805e-03
1000.0 9.7704717e-01 4.9422848e-03
